# Szpitale (id | nazwa | wsp. x | wsp. y | Liczba łóżek | Liczba wolnych łóżek) 
147 | Hospital | -470 | -177 | 303 | 794
909 | Hospital | -189 | -333 | 592 | 507
969 | Hospital | -426 | 289 | 285 | 942
497 | Hospital | -375 | -134 | 557 | 911
915 | Hospital | 38 | 209 | 843 | 397
578 | Hospital | 259 | 400 | 759 | 247
573 | Hospital | -82 | 35 | 505 | 149
332 | Hospital | 345 | 115 | 439 | 218
871 | Hospital | 441 | -331 | 956 | 975
508 | Hospital | 233 | 220 | 806 | 54
648 | Hospital | -370 | 343 | 515 | 10
372 | Hospital | -474 | 40 | 302 | 553
940 | Hospital | -33 | -268 | 784 | 905
850 | Hospital | 85 | 393 | 164 | 389
410 | Hospital | 51 | 100 | 727 | 69
221 | Hospital | 140 | -152 | 28 | 21
304 | Hospital | -62 | 303 | 207 | 839
97 | Hospital | -341 | -284 | 897 | 448
641 | Hospital | 455 | 72 | 774 | 709
743 | Hospital | -416 | -291 | 722 | 669
784 | Hospital | 66 | -32 | 598 | 554
124 | Hospital | 126 | -469 | 370 | 541
188 | Hospital | -335 | -107 | 669 | 100
920 | Hospital | -180 | 260 | 301 | 319
612 | Hospital | 160 | -14 | 26 | 768
233 | Hospital | 142 | -13 | 775 | 344
77 | Hospital | -188 | -224 | 215 | 128
454 | Hospital | 439 | -4 | 444 | 562
227 | Hospital | 499 | 23 | 408 | 304
390 | Hospital | 24 | -413 | 833 | 622
213 | Hospital | -249 | -329 | 290 | 357
799 | Hospital | 392 | -154 | 625 | 957
830 | Hospital | -23 | 499 | 593 | 399
705 | Hospital | 137 | -394 | 879 | 572
906 | Hospital | -151 | 480 | 594 | 783
408 | Hospital | 389 | -472 | 703 | 533
384 | Hospital | -246 | -202 | 622 | 992
527 | Hospital | -41 | 265 | 650 | 293
309 | Hospital | 383 | -189 | 814 | 119
538 | Hospital | 42 | -279 | 380 | 543
271 | Hospital | 280 | 63 | 425 | 143
474 | Hospital | -273 | -311 | 548 | 903
14 | Hospital | -50 | 30 | 441 | 569
853 | Hospital | -54 | 440 | 767 | 236
844 | Hospital | 94 | 493 | 168 | 986
591 | Hospital | -441 | 13 | 952 | 123
934 | Hospital | -429 | 464 | 294 | 15
865 | Hospital | 197 | -396 | 866 | 360
340 | Hospital | 313 | -45 | 949 | 259
509 | Hospital | 305 | 306 | 550 | 601
900 | Hospital | 113 | -192 | 726 | 282
72 | Hospital | 464 | -82 | 802 | 200
104 | Hospital | -489 | 427 | 660 | 491
57 | Hospital | 161 | 479 | 366 | 920
63 | Hospital | -10 | -148 | 572 | 885
492 | Hospital | 426 | 154 | 456 | 866
974 | Hospital | -164 | 136 | 56 | 48
456 | Hospital | 351 | -300 | 10 | 540
781 | Hospital | 370 | -495 | 852 | 372
250 | Hospital | 27 | -241 | 321 | 630
732 | Hospital | -200 | 336 | 559 | 458
820 | Hospital | -346 | 300 | 141 | 31
921 | Hospital | 435 | 441 | 537 | 421
907 | Hospital | 449 | -88 | 887 | 852
867 | Hospital | 271 | -162 | 566 | 750
487 | Hospital | -284 | -172 | 373 | 756
953 | Hospital | -428 | 461 | 512 | 295
441 | Hospital | -213 | 245 | 733 | 971
58 | Hospital | -427 | 193 | 815 | 364
396 | Hospital | -173 | -328 | 641 | 347
662 | Hospital | 254 | -426 | 365 | 336
655 | Hospital | 57 | -299 | 34 | 122
202 | Hospital | -397 | 183 | 723 | 960
184 | Hospital | 480 | 181 | 315 | 635
34 | Hospital | 487 | -382 | 609 | 156
191 | Hospital | 420 | 308 | 183 | 933
592 | Hospital | 461 | -178 | 405 | 413
837 | Hospital | -411 | 233 | 706 | 60
937 | Hospital | 447 | -500 | 523 | 913
455 | Hospital | -17 | 49 | 821 | 457
843 | Hospital | -382 | -302 | 329 | 593
450 | Hospital | 391 | -146 | 979 | 470
783 | Hospital | 89 | 223 | 191 | 769
852 | Hospital | -321 | -155 | 40 | 849
699 | Hospital | 307 | 165 | 464 | 828
593 | Hospital | -159 | 368 | 776 | 707
278 | Hospital | 339 | 372 | 339 | 273
905 | Hospital | 355 | 386 | 856 | 642
300 | Hospital | 184 | -198 | 608 | 581
328 | Hospital | 475 | 75 | 532 | 94
91 | Hospital | 188 | -259 | 934 | 733
941 | Hospital | -56 | 219 | 467 | 982
734 | Hospital | -73 | 243 | 453 | 455
186 | Hospital | -65 | -196 | 928 | 603
223 | Hospital | 273 | 490 | 137 | 385
939 | Hospital | -174 | -131 | 253 | 127
666 | Hospital | -78 | -463 | 674 | 561
971 | Hospital | -7 | -193 | 35 | 99
425 | Hospital | 340 | 32 | 158 | 153
580 | Hospital | -238 | 67 | 561 | 887
345 | Hospital | -342 | -455 | 152 | 67
902 | Hospital | -301 | 37 | 341 | 710
528 | Hospital | -461 | 241 | 629 | 747
19 | Hospital | 70 | -44 | 393 | 72
510 | Hospital | -77 | 240 | 685 | 892
803 | Hospital | 308 | 485 | 495 | 404
494 | Hospital | -236 | -22 | 234 | 12
590 | Hospital | 87 | 337 | 308 | 91
512 | Hospital | -40 | -452 | 388 | 527
574 | Hospital | -459 | -113 | 659 | 19
603 | Hospital | -268 | -226 | 248 | 608
217 | Hospital | -171 | 210 | 899 | 914
914 | Hospital | 270 | 151 | 513 | 775
644 | Hospital | 440 | 134 | 228 | 680
149 | Hospital | -179 | -367 | 44 | 333
364 | Hospital | 146 | -350 | 805 | 731
111 | Hospital | 56 | 350 | 619 | 488
975 | Hospital | 103 | -201 | 522 | 66
880 | Hospital | -318 | -414 | 716 | 294
15 | Hospital | -408 | 208 | 181 | 454
616 | Hospital | -141 | -168 | 186 | 787
857 | Hospital | -464 | 352 | 128 | 842
714 | Hospital | 211 | -315 | 317 | 475
353 | Hospital | 334 | -387 | 327 | 858
115 | Hospital | 174 | -6 | 518 | 954
282 | Hospital | 230 | -361 | 117 | 486
211 | Hospital | -112 | -393 | 74 | 537
498 | Hospital | -155 | -89 | 881 | 816
876 | Hospital | 60 | -53 | 915 | 727
179 | Hospital | -324 | 238 | 226 | 4
420 | Hospital | -193 | 62 | 449 | 955
545 | Hospital | -118 | -435 | 951 | 974
922 | Hospital | 248 | -401 | 810 | 275
778 | Hospital | -44 | -498 | 954 | 853
306 | Hospital | -460 | -68 | 364 | 407
136 | Hospital | -444 | -199 | 530 | 790
417 | Hospital | 246 | -112 | 786 | 101
925 | Hospital | 127 | -316 | 834 | 937
248 | Hospital | -319 | 2 | 236 | 380
152 | Hospital | 314 | -49 | 402 | 856
564 | Hospital | 344 | 117 | 910 | 346
449 | Hospital | 282 | -129 | 271 | 655
979 | Hospital | 387 | 428 | 545 | 706
208 | Hospital | 239 | -428 | 387 | 329
789 | Hospital | -42 | 391 | 711 | 471
6 | Hospital | -99 | -422 | 978 | 124
276 | Hospital | 52 | 204 | 987 | 154
903 | Hospital | 105 | 31 | 577 | 910
299 | Hospital | -186 | 323 | 957 | 120
18 | Hospital | 419 | -470 | 965 | 93
927 | Hospital | 149 | 217 | 610 | 427
347 | Hospital | 365 | -28 | 239 | 176
985 | Hospital | -106 | -441 | 471 | 207
863 | Hospital | -27 | -170 | 962 | 6
344 | Hospital | 465 | 27 | 658 | 522
94 | Hospital | 398 | -234 | 862 | 375
889 | Hospital | 322 | -373 | 244 | 255
854 | Hospital | 19 | -273 | 112 | 628
916 | Hospital | -420 | -101 | 676 | 697
442 | Hospital | -80 | -390 | 627 | 394
581 | Hospital | 133 | 388 | 274 | 525
708 | Hospital | -111 | -290 | 820 | 830
929 | Hospital | -201 | 143 | 89 | 181
548 | Hospital | 114 | -179 | 37 | 684
911 | Hospital | -485 | -322 | 282 | 549
386 | Hospital | -95 | -295 | 691 | 173
197 | Hospital | 152 | 359 | 403 | 95
757 | Hospital | -37 | -42 | 130 | 618
681 | Hospital | -385 | -303 | 890 | 938
645 | Hospital | -435 | 435 | 111 | 442
542 | Hospital | 304 | 378 | 81 | 916
242 | Hospital | 446 | -305 | 645 | 936
677 | Hospital | 82 | 98 | 590 | 210
547 | Hospital | 325 | 190 | 822 | 643
918 | Hospital | -87 | 138 | 616 | 339
620 | Hospital | 167 | -171 | 677 | 107
700 | Hospital | 466 | 123 | 704 | 235
855 | Hospital | 315 | 242 | 493 | 991
976 | Hospital | -98 | 443 | 42 | 778
182 | Hospital | 37 | 44 | 760 | 474
42 | Hospital | 128 | 282 | 963 | 827
698 | Hospital | -36 | 392 | 543 | 130
524 | Hospital | -280 | -332 | 178 | 640
802 | Hospital | -237 | -120 | 459 | 307
717 | Hospital | -305 | 145 | 654 | 821
98 | Hospital | 310 | -403 | 778 | 934
31 | Hospital | -13 | 97 | 736 | 263
205 | Hospital | -356 | 281 | 825 | 761
26 | Hospital | 423 | -454 | 699 | 560
142 | Hospital | -235 | 235 | 195 | 869
635 | Hospital | 283 | -231 | 173 | 547
405 | Hospital | -45 | -26 | 53 | 126
741 | Hospital | 222 | 180 | 104 | 704
424 | Hospital | 172 | 93 | 147 | 872
296 | Hospital | -431 | -253 | 591 | 406
11 | Hospital | 124 | 447 | 270 | 268
318 | Hospital | -116 | -169 | 470 | 386
187 | Hospital | 451 | 89 | 533 | 609
29 | Hospital | -490 | -391 | 768 | 198
1 | Hospital | -389 | -54 | 417 | 492
114 | Hospital | -466 | -5 | 150 | 203
246 | Hospital | 76 | 469 | 96 | 27
432 | Hospital | 263 | 139 | 477 | 648
74 | Hospital | -314 | 305 | 919 | 325
189 | Hospital | 231 | 141 | 983 | 157
257 | Hospital | -107 | -429 | 155 | 751
358 | Hospital | 471 | 340 | 252 | 376
983 | Hospital | 91 | 78 | 872 | 228
554 | Hospital | -138 | -456 | 719 | 699
95 | Hospital | -452 | -257 | 634 | 14
166 | Hospital | 156 | -144 | 665 | 391
50 | Hospital | -218 | -11 | 474 | 34
754 | Hospital | -336 | 264 | 465 | 760
529 | Hospital | 148 | 292 | 174 | 145
605 | Hospital | 267 | -377 | 717 | 972
821 | Hospital | -194 | 59 | 447 | 117
194 | Hospital | -398 | 389 | 630 | 741
327 | Hospital | 244 | -280 | 974 | 438
997 | Hospital | 227 | -419 | 15 | 573
292 | Hospital | -270 | -78 | 50 | 613
831 | Hospital | 186 | 491 | 944 | 978
878 | Hospital | -454 | -30 | 661 | 199
395 | Hospital | -48 | 309 | 338 | 114
356 | Hospital | -184 | -447 | 431 | 602
788 | Hospital | -176 | -102 | 520 | 18
877 | Hospital | -31 | -215 | 156 | 795
109 | Hospital | -216 | 124 | 953 | 243
951 | Hospital | 418 | -65 | 922 | 408
369 | Hospital | -345 | 135 | 849 | 900
808 | Hospital | -53 | 483 | 201 | 800
433 | Hospital | 6 | -437 | 938 | 335
772 | Hospital | -19 | -251 | 970 | 882
478 | Hospital | 169 | -346 | 149 | 899
693 | Hospital | 427 | 416 | 927 | 812
883 | Hospital | -358 | 500 | 906 | 845
204 | Hospital | -125 | 184 | 671 | 469
862 | Hospital | -68 | 9 | 260 | 663
579 | Hospital | -226 | 36 | 982 | 505
348 | Hospital | -139 | 408 | 204 | 84
445 | Hospital | 199 | -227 | 299 | 370
628 | Hospital | -438 | 338 | 575 | 498
933 | Hospital | -108 | 6 | 48 | 619
412 | Hospital | 469 | -395 | 276 | 712
750 | Hospital | 285 | 287 | 79 | 369
483 | Hospital | 496 | 366 | 73 | 30
397 | Hospital | 452 | 395 | 682 | 161
684 | Hospital | -299 | -233 | 942 | 523
170 | Hospital | -233 | -103 | 854 | 967
44 | Hospital | 209 | -412 | 840 | 414
81 | Hospital | 354 | 356 | 135 | 40
904 | Hospital | 338 | 199 | 222 | 459
692 | Hospital | -258 | 126 | 631 | 817
89 | Hospital | 69 | -222 | 409 | 316
697 | Hospital | -76 | 328 | 885 | 362
624 | Hospital | 397 | 51 | 190 | 732
797 | Hospital | 330 | -208 | 855 | 508
401 | Hospital | -480 | 254 | 177 | 521
496 | Hospital | -425 | 129 | 391 | 9
470 | Hospital | -451 | 11 | 565 | 208
343 | Hospital | -72 | 122 | 755 | 987
516 | Hospital | -437 | 39 | 937 | 160
967 | Hospital | -275 | -410 | 586 | 57
254 | Hospital | -115 | -240 | 326 | 225
749 | Hospital | 353 | -420 | 423 | 753
377 | Hospital | 79 | 495 | 819 | 383
113 | Hospital | -384 | 149 | 55 | 931
614 | Hospital | 430 | 459 | 90 | 258
809 | Hospital | -473 | -453 | 97 | 777
780 | Hospital | 54 | -219 | 794 | 884
17 | Hospital | -35 | 423 | 4 | 644
764 | Hospital | 336 | -445 | 526 | 813
703 | Hospital | -123 | -12 | 185 | 673
444 | Hospital | -402 | 221 | 931 | 489
418 | Hospital | -66 | 481 | 744 | 902
154 | Hospital | -377 | -325 | 100 | 79
995 | Hospital | 366 | -157 | 724 | 606
376 | Hospital | 303 | -24 | 119 | 990
30 | Hospital | 272 | 173 | 59 | 896
763 | Hospital | 477 | -86 | 567 | 883
404 | Hospital | -255 | -247 | 562 | 926
664 | Hospital | 196 | -99 | 169 | 85
724 | Hospital | -75 | 476 | 375 | 767
10 | Hospital | 249 | -62 | 286 | 835
403 | Hospital | -195 | 230 | 357 | 209
323 | Hospital | 268 | -486 | 65 | 174
222 | Hospital | -399 | 1 | 292 | 841
135 | Hospital | -307 | 426 | 923 | 729
46 | Hospital | 444 | 466 | 318 | 23
912 | Hospital | 396 | 381 | 869 | 516
747 | Hospital | -362 | 69 | 720 | 890
503 | Hospital | 49 | 191 | 127 | 831
415 | Hospital | 329 | -197 | 858 | 453
7 | Hospital | -378 | 64 | 793 | 192
838 | Hospital | 77 | -492 | 171 | 0
618 | Hospital | -491 | -477 | 893 | 723
134 | Hospital | -281 | 22 | 908 | 620
942 | Hospital | -182 | 449 | 316 | 439
534 | Hospital | 341 | 365 | 105 | 857
936 | Hospital | -219 | -285 | 485 | 140
643 | Hospital | 63 | 161 | 83 | 62
522 | Hospital | -333 | 77 | 602 | 796
139 | Hospital | 200 | -149 | 600 | 42
48 | Hospital | 165 | -84 | 36 | 392
64 | Hospital | 394 | 247 | 930 | 875
882 | Hospital | 219 | -135 | 16 | 981
143 | Hospital | -311 | -137 | 988 | 464
212 | Hospital | -329 | -489 | 193 | 193
389 | Hospital | 327 | 170 | 462 | 681
150 | Hospital | 33 | -425 | 637 | 139
363 | Hospital | 170 | -249 | 947 | 371
725 | Hospital | -157 | 76 | 67 | 411
461 | Hospital | 402 | -194 | 797 | 466
239 | Hospital | 434 | 301 | 69 | 131
183 | Hospital | 343 | -258 | 940 | 445
8 | Hospital | -494 | -443 | 257 | 950
709 | Hospital | -170 | 110 | 322 | 616
317 | Hospital | -163 | -25 | 971 | 430
798 | Hospital | -361 | 52 | 3 | 819
216 | Hospital | -374 | 462 | 161 | 770
20 | Hospital | -198 | 394 | 92 | 844
133 | Hospital | 12 | 34 | 916 | 111
73 | Hospital | -204 | 269 | 479 | 332
597 | Hospital | -312 | -459 | 868 | 738
482 | Hospital | -320 | -37 | 686 | 58
320 | Hospital | 47 | -122 | 700 | 51
181 | Hospital | -16 | 20 | 772 | 755
163 | Hospital | 28 | 185 | 225 | 341
966 | Hospital | -220 | 402 | 966 | 567
367 | Hospital | -69 | 286 | 896 | 824
247 | Hospital | -222 | -383 | 231 | 776
686 | Hospital | 287 | -298 | 98 | 11
131 | Hospital | -430 | 294 | 642 | 578
812 | Hospital | -162 | -356 | 359 | 909
633 | Hospital | 346 | -337 | 68 | 893
144 | Hospital | 294 | 61 | 731 | 979
231 | Hospital | 467 | 253 | 853 | 559
230 | Hospital | 266 | 433 | 612 | 284
736 | Hospital | 333 | -228 | 245 | 636
706 | Hospital | 463 | -184 | 904 | 580
570 | Hospital | -147 | -23 | 348 | 701
550 | Hospital | 235 | -71 | 905 | 216
807 | Hospital | -241 | 255 | 214 | 363
819 | Hospital | 61 | 436 | 165 | 848
671 | Hospital | 110 | -418 | 613 | 556
864 | Hospital | -257 | -369 | 376 | 82
559 | Hospital | 486 | -267 | 961 | 944
551 | Hospital | -383 | 164 | 688 | 550
759 | Hospital | 488 | 446 | 783 | 78
766 | Hospital | 252 | 451 | 265 | 317
825 | Hospital | 185 | 226 | 368 | 740
767 | Hospital | 405 | -138 | 683 | 164
342 | Hospital | -328 | -366 | 967 | 921
12 | Hospital | -153 | 425 | 973 | 270
409 | Hospital | -165 | -371 | 45 | 262
56 | Hospital | 362 | 410 | 882 | 231
667 | Hospital | 86 | 146 | 739 | 772
169 | Hospital | 232 | -306 | 680 | 22
480 | Hospital | 2 | -461 | 434 | 163
520 | Hospital | -71 | 231 | 466 | 29
694 | Hospital | 180 | 157 | 372 | 645
824 | Hospital | -472 | -386 | 544 | 312
285 | Hospital | -316 | 298 | 426 | 506
634 | Hospital | -499 | -216 | 599 | 585
199 | Hospital | -34 | 263 | 959 | 786
613 | Hospital | 421 | 103 | 306 | 878
557 | Hospital | -269 | -475 | 175 | 133
712 | Hospital | 68 | -156 | 249 | 435
336 | Hospital | -283 | -209 | 491 | 249
295 | Hospital | -29 | 374 | 648 | 752
165 | Hospital | 459 | 271 | 851 | 55
43 | Hospital | -323 | 404 | 850 | 688
52 | Hospital | 492 | -265 | 70 | 801
398 | Hospital | -38 | -354 | 816 | 664
65 | Hospital | -391 | 120 | 208 | 1
168 | Hospital | 386 | -136 | 172 | 662
511 | Hospital | -26 | -321 | 382 | 895
562 | Hospital | -43 | 229 | 502 | 980
490 | Hospital | 422 | 398 | 875 | 213
51 | Hospital | -230 | 413 | 419 | 690
762 | Hospital | -234 | 33 | 14 | 105
872 | Hospital | 429 | 53 | 134 | 296
288 | Hospital | 498 | 237 | 304 | 416
256 | Hospital | 3 | -66 | 261 | 977
629 | Hospital | 278 | -484 | 288 | 75
241 | Hospital | 224 | -263 | 64 | 204
67 | Hospital | 30 | -229 | 118 | 639
881 | Hospital | 72 | 224 | 80 | 183
446 | Hospital | 111 | -43 | 43 | 206
657 | Hospital | -178 | 200 | 422 | 443
758 | Hospital | -421 | -159 | 197 | 398
350 | Hospital | -498 | -404 | 734 | 500
558 | Hospital | -61 | -187 | 229 | 924
280 | Hospital | -288 | -59 | 511 | 837
943 | Hospital | -58 | -400 | 47 | 202
730 | Hospital | 236 | 431 | 831 | 191
132 | Hospital | 177 | 362 | 220 | 306
466 | Hospital | 202 | 434 | 483 | 254
83 | Hospital | -286 | 60 | 58 | 683
779 | Hospital | 479 | -214 | 498 | 976
361 | Hospital | -486 | 201 | 615 | 611
885 | Hospital | 253 | 212 | 796 | 49
589 | Hospital | 157 | -493 | 142 | 290
316 | Hospital | -410 | -147 | 230 | 8
770 | Hospital | 189 | -10 | 646 | 742
120 | Hospital | 166 | -351 | 644 | 656
178 | Hospital | -248 | -327 | 694 | 781
85 | Hospital | 26 | -35 | 411 | 865
460 | Hospital | 361 | 299 | 751 | 818
892 | Hospital | -217 | 288 | 21 | 63
61 | Hospital | 130 | 5 | 436 | 426
746 | Hospital | -469 | 95 | 153 | 765
159 | Hospital | 390 | -182 | 412 | 703
899 | Hospital | 411 | 405 | 435 | 24
898 | Hospital | 207 | -481 | 353 | 245
568 | Hospital | -360 | 54 | 580 | 412
2 | Hospital | -225 | -388 | 351 | 779
661 | Hospital | -4 | 375 | 516 | 705
735 | Hospital | 388 | 147 | 611 | 880
264 | Hospital | 425 | -221 | 527 | 390
727 | Hospital | -313 | 196 | 106 | 889
60 | Hospital | -493 | 140 | 87 | 5
484 | Hospital | 73 | -220 | 509 | 515
537 | Hospital | 159 | -310 | 460 | 661
41 | Hospital | 328 | 285 | 363 | 144
972 | Hospital | 269 | -293 | 349 | 963
792 | Hospital | 134 | -161 | 657 | 891
718 | Hospital | -289 | -309 | 324 | 451
75 | Hospital | -367 | 407 | 52 | 587
753 | Hospital | -394 | -330 | 912 | 721
965 | Hospital | -260 | -264 | 785 | 657
923 | Hospital | 115 | 106 | 842 | 941
841 | Hospital | 497 | 297 | 692 | 440
731 | Hospital | 138 | -336 | 267 | 257
36 | Hospital | -208 | 28 | 481 | 196
45 | Hospital | -302 | 360 | 482 | 17
359 | Hospital | 25 | -81 | 968 | 702
992 | Hospital | -344 | 148 | 420 | 881
756 | Hospital | 106 | -339 | 824 | 607
514 | Hospital | -439 | 73 | 675 | 568
180 | Hospital | -1 | 419 | 333 | 39
710 | Hospital | -292 | -343 | 705 | 494
32 | Hospital | 352 | -399 | 911 | 32
847 | Hospital | 458 | -87 | 133 | 356
275 | Hospital | 262 | 498 | 289 | 318
870 | Hospital | 264 | 455 | 291 | 367
59 | Hospital | -259 | 111 | 764 | 670
823 | Hospital | -496 | 415 | 684 | 141
196 | Hospital | 318 | 18 | 66 | 150
506 | Hospital | -405 | -73 | 903 | 793
362 | Hospital | -492 | 364 | 933 | 135
814 | Hospital | 374 | -261 | 114 | 195
955 | Hospital | 474 | 475 | 563 | 528
101 | Hospital | -231 | -384 | 217 | 223
439 | Hospital | 15 | 156 | 894 | 460
517 | Hospital | 414 | 314 | 85 | 665
625 | Hospital | -9 | -9 | 336 | 103
704 | Hospital | 171 | -19 | 763 | 481
817 | Hospital | 482 | -186 | 864 | 248
99 | Hospital | 298 | 186 | 307 | 201
773 | Hospital | 473 | -76 | 272 | 337
297 | Hospital | -229 | -1 | 123 | 544
924 | Hospital | 276 | 189 | 666 | 113
544 | Hospital | -161 | 202 | 597 | 962
563 | Hospital | -203 | -72 | 569 | 446
371 | Hospital | 243 | -150 | 374 | 814
515 | Hospital | -251 | -362 | 167 | 548
599 | Hospital | -104 | -355 | 880 | 946
146 | Hospital | -415 | 437 | 745 | 35
414 | Hospital | 256 | 454 | 506 | 854
307 | Hospital | 377 | -3 | 863 | 20
314 | Hospital | -458 | -397 | 941 | 773
856 | Hospital | 191 | 3 | 771 | 61
502 | Hospital | 44 | -363 | 342 | 359
875 | Hospital | -143 | -379 | 782 | 240
346 | Hospital | 379 | -458 | 992 | 110
569 | Hospital | 491 | 79 | 362 | 288
440 | Hospital | -247 | -423 | 340 | 932
117 | Hospital | 80 | -409 | 836 | 746
229 | Hospital | 378 | -446 | 791 | 734
402 | Hospital | 380 | 422 | 182 | 499
609 | Hospital | 312 | -318 | 769 | 999
200 | Hospital | -306 | 50 | 623 | 165
761 | Hospital | -242 | -408 | 77 | 677
796 | Hospital | -81 | -260 | 283 | 658
447 | Hospital | -303 | 203 | 935 | 763
308 | Hospital | 250 | 174 | 314 | 125
771 | Hospital | -197 | 19 | 251 | 352
665 | Hospital | -265 | -108 | 826 | 409
689 | Hospital | -121 | -51 | 678 | 482
869 | Hospital | -351 | -236 | 753 | 809
602 | Hospital | -340 | 284 | 71 | 400
349 | Hospital | -8 | 225 | 747 | 395
37 | Hospital | -332 | 304 | 835 | 497
617 | Hospital | 299 | -297 | 542 | 689
107 | Hospital | 20 | -365 | 766 | 797
653 | Hospital | -93 | -374 | 809 | 679
546 | Hospital | -484 | 248 | 874 | 612
270 | Hospital | 147 | 385 | 358 | 272
379 | Hospital | -475 | 176 | 430 | 330
507 | Hospital | 410 | -304 | 798 | 351
419 | Hospital | 88 | 465 | 268 | 229
137 | Hospital | 275 | -121 | 871 | 825
696 | Hospital | -15 | -69 | 457 | 959
260 | Hospital | -401 | -143 | 200 | 728
962 | Hospital | 311 | 88 | 898 | 943
719 | Hospital | 168 | -277 | 964 | 425
130 | Hospital | 217 | -167 | 136 | 947
485 | Hospital | 84 | -255 | 564 | 596
351 | Hospital | -296 | -286 | 369 | 283
543 | Hospital | -96 | -105 | 428 | 396
626 | Hospital | -433 | -127 | 192 | 833
610 | Hospital | -102 | -289 | 761 | 405
884 | Hospital | -145 | -353 | 618 | 444
437 | Hospital | 401 | 346 | 138 | 292
521 | Hospital | 367 | 277 | 489 | 374
177 | Hospital | 413 | -411 | 698 | 326
805 | Hospital | -404 | 444 | 179 | 695
556 | Hospital | 316 | -405 | 817 | 861
523 | Hospital | 39 | -225 | 151 | 509
715 | Hospital | -74 | -163 | 103 | 331
526 | Hospital | -285 | 82 | 78 | 468
638 | Hospital | 81 | 227 | 693 | 116
950 | Hospital | -103 | 259 | 524 | 170
748 | Hospital | -497 | 250 | 946 | 194
463 | Hospital | 220 | 130 | 429 | 90
69 | Hospital | -239 | -191 | 162 | 696
582 | Hospital | 129 | 15 | 492 | 324
160 | Hospital | 462 | -499 | 668 | 437
583 | Hospital | 296 | 14 | 121 | 87
621 | Hospital | -105 | 150 | 697 | 70
452 | Hospital | 408 | 228 | 213 | 557
448 | Hospital | -90 | 56 | 146 | 64
360 | Hospital | 121 | -370 | 741 | 384
193 | Hospital | 483 | -61 | 75 | 354
897 | Hospital | 136 | -17 | 385 | 303
145 | Hospital | -271 | 160 | 925 | 477
873 | Hospital | -127 | 80 | 284 | 945
416 | Hospital | -457 | 409 | 709 | 524
155 | Hospital | 395 | 216 | 636 | 234
47 | Hospital | -206 | 109 | 507 | 449
567 | Hospital | 204 | 198 | 718 | 452
249 | Hospital | 393 | 411 | 84 | 536
588 | Hospital | -94 | 99 | 170 | 450
38 | Hospital | 112 | 417 | 124 | 589
984 | Hospital | 450 | 460 | 484 | 534
676 | Hospital | -352 | -70 | 578 | 188
549 | Hospital | 324 | 86 | 902 | 634
477 | Hospital | -412 | 234 | 712 | 632
571 | Hospital | -462 | 478 | 415 | 83
776 | Hospital | 485 | 107 | 232 | 551
322 | Hospital | 17 | -416 | 828 | 925
835 | Hospital | 99 | 295 | 473 | 377
464 | Hospital | -471 | 315 | 929 | 735
957 | Hospital | -325 | 178 | 148 | 711
683 | Hospital | 98 | -250 | 212 | 594
611 | Hospital | 412 | 262 | 977 | 115
110 | Hospital | -364 | 353 | 715 | 764
4 | Hospital | 218 | -141 | 86 | 927
175 | Hospital | -232 | 267 | 913 | 420
751 | Hospital | 382 | -195 | 750 | 948
96 | Hospital | -483 | -207 | 458 | 456
174 | Hospital | 175 | 119 | 263 | 871
887 | Hospital | -51 | -433 | 157 | 281
606 | Hospital | 35 | 382 | 996 | 381
679 | Hospital | 198 | 414 | 501 | 239
90 | Hospital | 203 | -232 | 539 | 485
998 | Hospital | -119 | 274 | 235 | 968
728 | Hospital | 358 | 266 | 844 | 952
122 | Hospital | -63 | -440 | 742 | 495
218 | Hospital | 102 | -287 | 888 | 487
659 | Hospital | 118 | 214 | 721 | 436
453 | Hospital | -407 | -106 | 223 | 89
742 | Hospital | -343 | -79 | 5 | 415
886 | Hospital | 454 | -352 | 626 | 349
769 | Hospital | -380 | 182 | 573 | 576
631 | Hospital | 400 | -262 | 487 | 152
434 | Hospital | 238 | -60 | 972 | 749
738 | Hospital | 23 | 322 | 131 | 597
383 | Hospital | -11 | 112 | 8 | 56
795 | Hospital | -128 | -430 | 31 | 291
647 | Hospital | -3 | 492 | 312 | 698
716 | Hospital | 368 | 94 | 49 | 958
265 | Hospital | 240 | -294 | 219 | 224
711 | Hospital | -349 | -448 | 781 | 692
467 | Hospital | -228 | 438 | 606 | 582
893 | Hospital | -215 | 370 | 110 | 169
832 | Hospital | -84 | -312 | 397 | 693
868 | Hospital | -256 | 313 | 309 | 345
996 | Hospital | 32 | -417 | 571 | 598
963 | Hospital | 349 | 283 | 865 | 912
263 | Hospital | -279 | 339 | 347 | 805
5 | Hospital | -6 | -314 | 701 | 168
760 | Hospital | 433 | 420 | 54 | 274
259 | Hospital | 55 | 333 | 519 | 860
462 | Hospital | -294 | -359 | 549 | 993
427 | Hospital | -467 | 0 | 468 | 166
22 | Hospital | 90 | -124 | 804 | 53
3 | Hospital | 309 | -320 | 540 | 340
465 | Hospital | 348 | -173 | 497 | 190
600 | Hospital | -130 | 166 | 969 | 563
88 | Hospital | -423 | -457 | 870 | 322
156 | Hospital | -168 | -46 | 883 | 28
407 | Hospital | 373 | 311 | 762 | 623
385 | Hospital | 1 | -376 | 799 | 691
560 | Hospital | -185 | 68 | 656 | 577
475 | Hospital | -187 | 104 | 57 | 879
391 | Hospital | 8 | -230 | 163 | 378
125 | Hospital | -129 | -256 | 901 | 745
768 | Hospital | -150 | -116 | 139 | 530
623 | Hospital | 107 | -200 | 614 | 836
244 | Hospital | -400 | -165 | 216 | 625
660 | Hospital | -304 | -47 | 298 | 227
928 | Hospital | 442 | 418 | 728 | 566
702 | Hospital | 489 | 42 | 984 | 1000
13 | Hospital | 41 | 486 | 807 | 671
103 | Hospital | -295 | 159 | 6 | 984
329 | Hospital | 45 | 349 | 19 | 908
118 | Hospital | -120 | 331 | 2 | 714
790 | Hospital | -388 | -181 | 790 | 724
293 | Hospital | -210 | 363 | 918 | 520
672 | Hospital | -181 | 473 | 576 | 631
40 | Hospital | 173 | 326 | 377 | 811
302 | Hospital | 284 | 351 | 525 | 180
846 | Hospital | -465 | -364 | 517 | 309
977 | Hospital | -390 | 102 | 386 | 251
481 | Hospital | 190 | 43 | 604 | 989
572 | Hospital | -432 | 179 | 740 | 478
236 | Hospital | -167 | 384 | 432 | 956
458 | Hospital | 195 | 26 | 203 | 368
290 | Hospital | 46 | -39 | 847 | 279
787 | Hospital | 43 | -237 | 529 | 782
387 | Hospital | -447 | -431 | 202 | 713
161 | Hospital | -406 | 128 | 210 | 373
919 | Hospital | -86 | 153 | 332 | 252
277 | Hospital | -60 | 373 | 344 | 467
630 | Hospital | -371 | -36 | 877 | 868
267 | Hospital | -113 | -307 | 765 | 964
555 | Hospital | 371 | 280 | 360 | 242
839 | Hospital | 320 | 70 | 653 | 840
608 | Hospital | 210 | 412 | 553 | 994
119 | Hospital | -227 | -436 | 194 | 276
289 | Hospital | 226 | 257 | 841 | 600
945 | Hospital | 83 | -21 | 355 | 264
774 | Hospital | -482 | -288 | 227 | 417
298 | Hospital | 342 | -281 | 780 | 348
112 | Hospital | 407 | -487 | 998 | 789
380 | Hospital | 228 | -406 | 346 | 343
201 | Hospital | -212 | -125 | 361 | 50
167 | Hospital | 120 | 293 | 541 | 558
833 | Hospital | 369 | -494 | 281 | 138
422 | Hospital | -365 | 251 | 818 | 246
330 | Hospital | -122 | -176 | 892 | 73
87 | Hospital | -221 | -18 | 773 | 564
164 | Hospital | 335 | 317 | 243 | 870
393 | Hospital | -175 | 369 | 976 | 197
486 | Hospital | 100 | -158 | 554 | 134
93 | Hospital | 192 | 334 | 311 | 2
981 | Hospital | -436 | -444 | 421 | 965
261 | Hospital | 490 | 371 | 936 | 142
428 | Hospital | 22 | -166 | 188 | 401
468 | Hospital | 92 | -347 | 295 | 803
443 | Hospital | -348 | 396 | 730 | 179
949 | Hospital | 158 | 489 | 101 | 953
935 | Hospital | 71 | -27 | 504 | 973
723 | Hospital | -2 | 101 | 313 | 646
438 | Hospital | 4 | 458 | 655 | 570
642 | Hospital | -337 | -439 | 917 | 617
234 | Hospital | 385 | -482 | 350 | 758
688 | Hospital | -190 | -235 | 867 | 238
138 | Hospital | 176 | -275 | 221 | 672
400 | Hospital | -55 | 168 | 581 | 517
663 | Hospital | 223 | -104 | 23 | 876
720 | Hospital | 162 | 252 | 889 | 353
752 | Hospital | -363 | 421 | 582 | 716
128 | Hospital | -290 | 74 | 827 | 686
637 | Hospital | -59 | -357 | 1 | 762
956 | Hospital | -262 | 439 | 702 | 7
421 | Hospital | -142 | -348 | 367 | 305
948 | Hospital | 293 | -145 | 440 | 350
800 | Hospital | 135 | -451 | 900 | 472
828 | Hospital | 144 | 467 | 749 | 719
607 | Hospital | -331 | 424 | 708 | 302
804 | Hospital | 97 | -140 | 568 | 545
866 | Hospital | -463 | -479 | 356 | 211
687 | Hospital | 178 | -301 | 319 | 838
910 | Hospital | -372 | -296 | 476 | 604
21 | Hospital | 14 | -52 | 399 | 476
577 | Hospital | 221 | 197 | 29 | 969
970 | Hospital | -209 | -338 | 989 | 379
891 | Hospital | -243 | -407 | 558 | 86
673 | Hospital | 206 | 429 | 508 | 919
82 | Hospital | -224 | 158 | 383 | 496
429 | Hospital | -124 | -31 | 729 | 511
721 | Hospital | -369 | 327 | 514 | 479
220 | Hospital | 0 | 496 | 325 | 365
658 | Hospital | -445 | -40 | 280 | 650
315 | Hospital | 208 | -378 | 120 | 361
459 | Hospital | -453 | -402 | 873 | 829
519 | Hospital | 234 | -93 | 838 | 148
225 | Hospital | -347 | -16 | 535 | 666
930 | Hospital | -57 | 116 | 0 | 92
656 | Hospital | 356 | -266 | 624 | 799
598 | Hospital | 484 | 236 | 499 | 504
80 | Hospital | 376 | 403 | 330 | 232
585 | Hospital | 436 | 169 | 823 | 186
232 | Hospital | 289 | 85 | 997 | 668
283 | Hospital | -132 | 45 | 737 | 614
173 | Hospital | -450 | -117 | 300 | 653
989 | Hospital | 456 | 430 | 398 | 447
333 | Hospital | -339 | 377 | 407 | 579
938 | Hospital | 404 | -63 | 414 | 433
209 | Hospital | 445 | -467 | 275 | 888
335 | Hospital | -446 | 131 | 534 | 429
207 | Hospital | -92 | -41 | 803 | 832
654 | Hospital | -443 | 494 | 752 | 928
946 | Hospital | 31 | 177 | 891 | 155
55 | Hospital | 359 | -74 | 144 | 583
92 | Hospital | 470 | -244 | 396 | 382
561 | Hospital | 40 | 65 | 779 | 323
739 | Hospital | 125 | 195 | 714 | 80
162 | Hospital | 193 | -111 | 830 | 327
54 | Hospital | -315 | 175 | 945 | 222
729 | Hospital | -88 | -248 | 176 | 850
499 | Hospital | -476 | -183 | 589 | 147
106 | Hospital | -202 | -34 | 469 | 230
66 | Hospital | -252 | -471 | 445 | 45
268 | Hospital | -169 | 84 | 262 | 315
978 | Hospital | 11 | -8 | 60 | 901
84 | Hospital | 13 | 125 | 211 | 595
435 | Hospital | 214 | -97 | 452 | 151
895 | Hospital | 431 | -478 | 91 | 674
339 | Hospital | 301 | -56 | 323 | 187
491 | Hospital | 34 | -271 | 1000 | 555
932 | Hospital | -5 | 482 | 667 | 175
430 | Hospital | -32 | -389 | 418 | 675
86 | Hospital | 145 | -100 | 895 | 929
615 | Hospital | -263 | 29 | 585 | 792
993 | Hospital | 277 | -188 | 808 | 299
185 | Hospital | 187 | 278 | 305 | 725
987 | Hospital | 245 | 276 | 556 | 939
874 | Hospital | -12 | 16 | 354 | 76
269 | Hospital | 274 | 453 | 547 | 542
319 | Hospital | 375 | -91 | 413 | 996
399 | Hospital | 201 | -33 | 839 | 535
765 | Hospital | 62 | -160 | 689 | 484
691 | Hospital | 67 | 471 | 209 | 917
858 | Hospital | 29 | 442 | 384 | 676
16 | Hospital | -434 | 144 | 32 | 184
685 | Hospital | -39 | 497 | 256 | 626
595 | Hospital | 116 | 58 | 735 | 483
357 | Hospital | 286 | -464 | 595 | 736
279 | Hospital | -22 | 92 | 237 | 867
786 | Hospital | -282 | -246 | 102 | 16
331 | Hospital | -278 | -126 | 555 | 864
961 | Hospital | 131 | -282 | 475 | 277
913 | Hospital | 53 | -270 | 7 | 146
190 | Hospital | -309 | 17 | 297 | 463
745 | Hospital | -133 | 325 | 617 | 997
744 | Hospital | -49 | 268 | 293 | 313
576 | Hospital | -495 | -48 | 832 | 96
695 | Hospital | -126 | 307 | 443 | 823
896 | Hospital | -148 | -110 | 424 | 886
338 | Hospital | -140 | 383 | 345 | 678
373 | Hospital | -24 | 324 | 538 | 419
834 | Hospital | 332 | -238 | 670 | 286
198 | Hospital | 257 | 113 | 199 | 641
141 | Hospital | 5 | 361 | 259 | 624
952 | Hospital | 493 | 48 | 427 | 518
473 | Hospital | -196 | 399 | 273 | 834
584 | Hospital | -455 | -132 | 999 | 185
678 | Hospital | -350 | -114 | 848 | 260
680 | Hospital | -468 | 133 | 218 | 26
258 | Hospital | -357 | 57 | 242 | 627
79 | Hospital | -267 | -206 | 241 | 592
535 | Hospital | 36 | -243 | 570 | 737
504 | Hospital | 96 | 477 | 320 | 424
381 | Hospital | -274 | 318 | 463 | 826
793 | Hospital | 9 | -83 | 478 | 441
311 | Hospital | -223 | -85 | 621 | 320
354 | Hospital | -488 | -109 | 924 | 158
140 | Hospital | -308 | 256 | 108 | 808
815 | Hospital | 500 | -283 | 960 | 923
968 | Hospital | -287 | 275 | 17 | 410
251 | Hospital | 151 | 246 | 738 | 37
426 | Hospital | 78 | 55 | 145 | 988
148 | Hospital | 255 | -360 | 985 | 687
532 | Hospital | -117 | 172 | 907 | 873
740 | Hospital | -28 | -323 | 20 | 949
722 | Hospital | -334 | 376 | 352 | 41
411 | Hospital | -442 | -308 | 638 | 531
479 | Hospital | -158 | 87 | 743 | 502
476 | Hospital | 317 | 91 | 404 | 526
806 | Hospital | 21 | -468 | 829 | 314
890 | Hospital | -419 | -92 | 390 | 121
991 | Hospital | 295 | -123 | 662 | 660
123 | Hospital | 350 | 205 | 647 | 715
472 | Hospital | -373 | 470 | 277 | 918
195 | Hospital | -136 | -245 | 528 | 847
565 | Hospital | -297 | -174 | 886 | 807
827 | Hospital | 229 | -276 | 401 | 748
219 | Hospital | 182 | -252 | 510 | 473
533 | Hospital | -14 | 354 | 932 | 266
321 | Hospital | 291 | -424 | 238 | 529
755 | Hospital | 279 | -190 | 909 | 177
176 | Hospital | -152 | 41 | 438 | 539
129 | Hospital | -172 | -438 | 696 | 806
325 | Hospital | -409 | -319 | 22 | 513
394 | Hospital | 119 | 487 | 681 | 822
469 | Hospital | 59 | -342 | 837 | 651
457 | Hospital | -413 | 320 | 628 | 237
826 | Hospital | -199 | 273 | 521 | 88
238 | Hospital | 326 | -427 | 337 | 278
206 | Hospital | 183 | 345 | 588 | 250
649 | Hospital | 476 | 445 | 813 | 298
926 | Hospital | -191 | -344 | 795 | 33
9 | Hospital | 143 | -210 | 437 | 104
901 | Hospital | 415 | -75 | 649 | 510
586 | Hospital | 331 | 4 | 205 | 759
210 | Hospital | -353 | -324 | 159 | 820
931 | Hospital | -100 | 401 | 991 | 366
121 | Hospital | -326 | -278 | 993 | 874
341 | Hospital | -264 | -94 | 198 | 998
273 | Hospital | 495 | -185 | 480 | 269
214 | Hospital | -101 | -98 | 663 | 493
337 | Hospital | 247 | 222 | 13 | 757
861 | Hospital | -322 | -239 | 725 | 271
908 | Hospital | -135 | -118 | 24 | 301
24 | Hospital | -244 | 258 | 38 | 434
859 | Hospital | -253 | -139 | 410 | 310
954 | Hospital | 281 | 463 | 46 | 654
226 | Hospital | 122 | 432 | 246 | 212
842 | Hospital | 323 | -326 | 943 | 647
252 | Hospital | -250 | -375 | 746 | 588
601 | Hospital | -381 | 335 | 640 | 334
973 | Hospital | -359 | 347 | 240 | 428
849 | Hospital | -261 | 291 | 551 | 342
126 | Hospital | -355 | -164 | 41 | 215
76 | Hospital | -387 | -292 | 126 | 726
157 | Hospital | -97 | 213 | 442 | 633
127 | Hospital | 251 | -119 | 154 | 667
39 | Hospital | -395 | -358 | 635 | 629
726 | Hospital | 58 | 342 | 39 | 189
172 | Hospital | 150 | 137 | 876 | 907
235 | Hospital | 108 | -381 | 574 | 267
670 | Hospital | -354 | 8 | 279 | 846
224 | Hospital | -479 | 90 | 601 | 106
70 | Hospital | -91 | 162 | 255 | 546
366 | Hospital | -481 | 474 | 770 | 774
860 | Hospital | 478 | -349 | 845 | 685
636 | Hospital | -52 | 239 | 500 | 940
594 | Hospital | 50 | 380 | 250 | 112
378 | Hospital | 141 | -496 | 990 | 754
105 | Hospital | 123 | 488 | 310 | 722
255 | Hospital | 460 | 387 | 331 | 877
388 | Hospital | -144 | 312 | 113 | 109
682 | Hospital | -266 | -90 | 343 | 843
810 | Hospital | -478 | -180 | 639 | 694
413 | Hospital | -338 | -490 | 546 | 575
986 | Hospital | -422 | 321 | 950 | 422
100 | Hospital | -154 | -465 | 955 | 700
587 | Hospital | -47 | -57 | 695 | 897
836 | Hospital | -310 | 25 | 584 | 214
287 | Hospital | 288 | -218 | 461 | 77
701 | Hospital | 424 | -345 | 166 | 739
801 | Hospital | 409 | -15 | 878 | 810
203 | Hospital | -393 | -67 | 748 | 480
785 | Hospital | 93 | 24 | 278 | 571
436 | Hospital | 432 | -450 | 129 | 81
818 | Hospital | 363 | -115 | 30 | 167
501 | Hospital | 403 | -204 | 196 | 922
274 | Hospital | 205 | -385 | 811 | 280
1000 | Hospital | 153 | -142 | 125 | 220
78 | Hospital | -500 | -434 | 62 | 132
392 | Hospital | -366 | -213 | 258 | 36
775 | Hospital | -392 | -242 | 247 | 802
153 | Hospital | -487 | -372 | 687 | 338
352 | Hospital | -317 | -432 | 63 | 25
272 | Hospital | 306 | 192 | 334 | 532
651 | Hospital | 241 | 390 | 859 | 261
326 | Hospital | -300 | 457 | 756 | 59
431 | Hospital | 179 | -483 | 206 | 217
171 | Hospital | 347 | -20 | 980 | 108
553 | Hospital | 453 | 279 | 61 | 358
489 | Hospital | -272 | 142 | 800 | 503
575 | Hospital | 472 | -96 | 189 | 136
813 | Hospital | -403 | 310 | 88 | 462
674 | Hospital | 494 | 367 | 732 | 172
228 | Hospital | -160 | -211 | 400 | 514
944 | Hospital | 74 | 319 | 455 | 253
23 | Hospital | 357 | -476 | 861 | 744
286 | Hospital | 437 | 187 | 389 | 951
71 | Hospital | -379 | 207 | 981 | 178
334 | Hospital | 292 | -340 | 652 | 159
313 | Hospital | -70 | 211 | 494 | 68
540 | Hospital | 337 | -2 | 884 | 552
215 | Hospital | -89 | -449 | 812 | 652
733 | Hospital | 155 | 194 | 603 | 720
668 | Hospital | 360 | -133 | 958 | 906
960 | Hospital | 258 | 188 | 939 | 791
423 | Hospital | 457 | 272 | 926 | 638
382 | Hospital | -30 | -317 | 710 | 38
513 | Hospital | 163 | 171 | 18 | 915
791 | Hospital | 468 | 456 | 9 | 970
894 | Hospital | -205 | -254 | 846 | 717
0 | Hospital | -25 | 152 | 99 | 233
947 | Hospital | 399 | 121 | 620 | 289
632 | Hospital | 481 | 406 | 454 | 137
301 | Hospital | 265 | 108 | 801 | 586
33 | Hospital | -214 | -398 | 394 | 182
365 | Hospital | -20 | 155 | 94 | 423
794 | Hospital | 10 | 358 | 264 | 431
782 | Hospital | 104 | 468 | 233 | 387
816 | Hospital | -156 | -368 | 378 | 244
505 | Hospital | 417 | 71 | 395 | 574
27 | Hospital | 164 | -474 | 450 | 162
493 | Hospital | 448 | 316 | 948 | 328
552 | Hospital | 372 | -128 | 920 | 894
237 | Hospital | -376 | -77 | 33 | 605
640 | Hospital | -368 | -313 | 789 | 599
840 | Hospital | 181 | -488 | 406 | 256
49 | Hospital | 319 | -466 | 664 | 44
811 | Hospital | 416 | 397 | 583 | 461
240 | Hospital | 438 | 450 | 72 | 403
990 | Hospital | -327 | -473 | 579 | 985
879 | Hospital | -64 | 232 | 140 | 538
604 | Hospital | 237 | -497 | 672 | 308
829 | Hospital | -166 | 355 | 160 | 46
294 | Hospital | 132 | -274 | 266 | 590
284 | Hospital | -477 | 357 | 587 | 3
964 | Hospital | -149 | -58 | 496 | 788
310 | Hospital | -330 | 484 | 109 | 297
375 | Hospital | -131 | 127 | 446 | 961
253 | Hospital | 213 | 218 | 757 | 311
959 | Hospital | -417 | 249 | 560 | 718
530 | Hospital | -146 | -269 | 503 | 43
471 | Hospital | -298 | 163 | 451 | 995
108 | Hospital | -448 | 215 | 122 | 935
980 | Hospital | 18 | -38 | 371 | 815
245 | Hospital | 65 | -203 | 328 | 97
994 | Hospital | 75 | -460 | 707 | 519
151 | Hospital | 364 | 341 | 643 | 287
312 | Hospital | -46 | 114 | 596 | 418
707 | Hospital | -414 | 296 | 116 | 265
192 | Hospital | -440 | 12 | 107 | 490
619 | Hospital | 302 | 448 | 995 | 393
303 | Hospital | 406 | -491 | 605 | 610
639 | Hospital | -192 | 472 | 857 | 730
690 | Hospital | -134 | 379 | 433 | 682
917 | Hospital | -424 | 46 | 27 | 465
848 | Hospital | 215 | -392 | 132 | 226
28 | Hospital | 194 | 261 | 224 | 171
737 | Hospital | 297 | -341 | 788 | 615
116 | Hospital | 95 | 38 | 633 | 798
669 | Hospital | 242 | -272 | 335 | 780
102 | Hospital | -21 | 348 | 180 | 355
305 | Hospital | -183 | 105 | 184 | 512
822 | Hospital | 261 | -335 | 379 | 743
777 | Hospital | -293 | -205 | 381 | 863
851 | Hospital | 260 | -462 | 713 | 804
406 | Hospital | 290 | -480 | 651 | 52
368 | Hospital | 101 | -175 | 490 | 71
541 | Hospital | -110 | 302 | 448 | 930
370 | Hospital | 16 | -50 | 187 | 851
355 | Hospital | -211 | 118 | 296 | 205
999 | Hospital | -85 | 132 | 690 | 241
291 | Hospital | 321 | 206 | 95 | 621
888 | Hospital | -83 | 329 | 472 | 649
500 | Hospital | 381 | 83 | 679 | 102
324 | Hospital | -277 | -7 | 914 | 966
266 | Hospital | 48 | -380 | 392 | 565
35 | Hospital | -109 | -223 | 860 | 584
845 | Hospital | 212 | 344 | 82 | 402
451 | Hospital | 300 | -485 | 673 | 74
281 | Hospital | -137 | 330 | 254 | 771
158 | Hospital | -67 | -130 | 552 | 785
536 | Hospital | 64 | -217 | 792 | 219
62 | Hospital | 109 | -442 | 488 | 766
374 | Hospital | -276 | 47 | 531 | 321
518 | Hospital | 139 | -55 | 994 | 904
675 | Hospital | -79 | 21 | 787 | 784
982 | Hospital | -240 | 332 | 11 | 13
68 | Hospital | -456 | -334 | 632 | 859
539 | Hospital | 117 | -415 | 607 | 659
53 | Hospital | 384 | 290 | 536 | 708
243 | Hospital | -396 | 81 | 51 | 129
495 | Hospital | 443 | -29 | 986 | 47
622 | Hospital | 154 | -212 | 921 | 862
531 | Hospital | -207 | -95 | 287 | 388
262 | Hospital | -291 | 270 | 758 | 118
650 | Hospital | -449 | -153 | 143 | 855
646 | Hospital | -177 | 66 | 777 | 98
627 | Hospital | -114 | 96 | 93 | 300
25 | Hospital | 225 | 167 | 269 | 221
566 | Hospital | 216 | 452 | 115 | 285
988 | Hospital | -386 | -80 | 76 | 898
596 | Hospital | -254 | 10 | 416 | 65
958 | Hospital | -18 | -421 | 754 | 432
525 | Hospital | 7 | 7 | 975 | 637
488 | Hospital | 428 | -151 | 25 | 591
713 | Hospital | -418 | 244 | 486 | 983
# Obiekty (id | nazwa | wsp. x | wsp. y) 
448 | Building | 330 | 413
789 | Building | -231 | 36
617 | Building | 96 | 467
305 | Building | 409 | 264
838 | Building | 265 | -182
131 | Building | -428 | 346
356 | Building | 470 | -341
4 | Building | -178 | -56
247 | Building | 429 | 0
476 | Building | 64 | 197
116 | Building | 231 | 477
440 | Building | -235 | 297
259 | Building | 419 | -348
287 | Building | 25 | -80
483 | Building | 127 | 108
585 | Building | 192 | -424
128 | Building | -119 | -28
38 | Building | -395 | 317
800 | Building | -448 | 390
737 | Building | -192 | 228
293 | Building | 200 | 278
706 | Building | 308 | 145
445 | Building | -52 | -431
123 | Building | -73 | 118
776 | Building | 438 | -430
61 | Building | 272 | 322
7 | Building | 18 | 417
759 | Building | 314 | 112
13 | Building | -238 | -200
466 | Building | -351 | -155
753 | Building | -107 | -481
87 | Building | -291 | 143
890 | Building | 389 | 439
873 | Building | -199 | 193
302 | Building | 1 | -367
658 | Building | 311 | 141
277 | Building | 274 | -236
913 | Building | -430 | 378
141 | Building | -326 | 433
173 | Building | -357 | -272
386 | Building | 208 | -211
36 | Building | 153 | -58
909 | Building | -10 | 294
379 | Building | 427 | -118
767 | Building | -249 | 244
889 | Building | 88 | -369
126 | Building | -79 | -394
465 | Building | 411 | -403
1 | Building | -358 | -457
854 | Building | 270 | -59
874 | Building | 492 | -104
53 | Building | -338 | -212
177 | Building | -223 | -319
111 | Building | 425 | 174
396 | Building | -367 | 388
541 | Building | 13 | -387
806 | Building | -163 | 117
860 | Building | 334 | 273
256 | Building | 271 | 134
50 | Building | -219 | 212
271 | Building | 158 | -436
228 | Building | -304 | -442
452 | Building | -200 | 135
388 | Building | -6 | 71
720 | Building | 304 | -338
521 | Building | 245 | -354
607 | Building | 341 | 235
772 | Building | -332 | -173
517 | Building | 239 | 94
718 | Building | 268 | -275
750 | Building | 227 | -321
528 | Building | -13 | 86
171 | Building | -229 | -144
422 | Building | -12 | 234
224 | Building | 70 | -443
542 | Building | -29 | 57
139 | Building | -136 | 67
826 | Building | 295 | -477
801 | Building | 105 | 16
686 | Building | -486 | 405
175 | Building | -130 | -444
254 | Building | -195 | -24
472 | Building | 198 | -134
16 | Building | 321 | 409
925 | Building | -409 | 272
906 | Building | 387 | -462
637 | Building | 325 | 267
324 | Building | -94 | -499
303 | Building | -247 | 53
511 | Building | -254 | -25
196 | Building | 34 | -435
796 | Building | 113 | 209
211 | Building | 16 | 347
682 | Building | -90 | -96
897 | Building | 66 | -259
502 | Building | -427 | -423
257 | Building | 455 | 421
92 | Building | 6 | 238
785 | Building | -388 | -361
733 | Building | -460 | -152
419 | Building | 284 | 431
501 | Building | -151 | 332
611 | Building | -103 | 171
634 | Building | 202 | 2
535 | Building | -463 | 357
674 | Building | -100 | -318
74 | Building | -148 | -30
347 | Building | 477 | 109
514 | Building | 156 | 122
156 | Building | -203 | -390
735 | Building | 496 | -375
122 | Building | -245 | -172
200 | Building | 278 | 412
44 | Building | -264 | 237
932 | Building | -371 | -370
823 | Building | -50 | -389
985 | Building | 384 | -18
715 | Building | -308 | -401
204 | Building | 81 | -373
398 | Building | 140 | 48
260 | Building | 258 | -355
225 | Building | -16 | 58
214 | Building | 316 | 382
189 | Building | 447 | -14
32 | Building | -154 | -71
148 | Building | -466 | 65
160 | Building | 485 | 320
581 | Building | -22 | -154
357 | Building | -384 | 96
261 | Building | -383 | -194
27 | Building | 117 | 403
95 | Building | -454 | 391
512 | Building | -494 | -392
306 | Building | 439 | 4
404 | Building | 244 | -351
55 | Building | -226 | -323
100 | Building | -380 | 90
450 | Building | 213 | 435
893 | Building | -340 | -486
719 | Building | 352 | 392
717 | Building | -257 | -282
473 | Building | 437 | 470
943 | Building | 215 | 493
113 | Building | -294 | -376
201 | Building | -14 | -189
320 | Building | 303 | 359
701 | Building | 491 | 158
300 | Building | -381 | -145
88 | Building | 2 | -22
80 | Building | 94 | -434
75 | Building | 41 | -454
546 | Building | 309 | -13
185 | Building | -465 | -48
983 | Building | 348 | 312
174 | Building | 86 | 465
10 | Building | -333 | 411
136 | Building | -474 | -488
468 | Building | -284 | -243
791 | Building | -468 | 350
157 | Building | 339 | 415
586 | Building | -263 | -286
763 | Building | 187 | -198
567 | Building | -190 | 241
813 | Building | -364 | 367
51 | Building | 112 | 206
964 | Building | -135 | -363
723 | Building | 136 | 496
952 | Building | 31 | 393
556 | Building | 93 | -177
96 | Building | -314 | -29
427 | Building | 300 | 201
318 | Building | -89 | -487
559 | Building | 377 | -250
577 | Building | -280 | -418
665 | Building | -112 | -97
898 | Building | 320 | -99
878 | Building | 58 | 23
169 | Building | -377 | 229
602 | Building | -329 | -399
896 | Building | 99 | 87
110 | Building | 60 | -170
664 | Building | 434 | -16
956 | Building | -83 | -195
280 | Building | 369 | -139
999 | Building | 33 | -72
708 | Building | -218 | -307
496 | Building | -120 | 20
623 | Building | -477 | -50
550 | Building | 468 | 362
67 | Building | -497 | -339
104 | Building | -496 | 173
704 | Building | -305 | 486
340 | Building | 178 | 489
803 | Building | 229 | 68
667 | Building | 120 | 436
82 | Building | -71 | -101
997 | Building | 69 | 365
527 | Building | -438 | -386
743 | Building | 206 | 95
151 | Building | 364 | -160
973 | Building | -321 | -201
726 | Building | 310 | 481
959 | Building | 459 | -186
391 | Building | 471 | 319
933 | Building | -212 | -410
891 | Building | 297 | -36
782 | Building | 67 | 188
282 | Building | -353 | 207
376 | Building | -110 | 41
635 | Building | 115 | 375
949 | Building | -165 | 309
609 | Building | -65 | -365
601 | Building | 246 | 324
447 | Building | 367 | -244
197 | Building | -484 | -384
186 | Building | 169 | 163
533 | Building | 103 | 385
877 | Building | -489 | 9
610 | Building | 493 | 437
650 | Building | -431 | -260
178 | Building | -354 | -51
39 | Building | -437 | -120
179 | Building | -251 | 460
930 | Building | 400 | 281
672 | Building | -93 | -220
3 | Building | -241 | -159
202 | Building | 212 | -249
646 | Building | -258 | -183
504 | Building | -444 | -269
742 | Building | 484 | -43
24 | Building | -76 | -484
129 | Building | -397 | -308
21 | Building | 124 | 451
115 | Building | 222 | -489
852 | Building | -403 | -157
8 | Building | -323 | -156
691 | Building | -475 | 248
294 | Building | -434 | 84
940 | Building | -202 | 445
190 | Building | 130 | -229
49 | Building | -261 | 105
825 | Building | 269 | -47
29 | Building | 159 | 182
848 | Building | -335 | 458
413 | Building | 189 | -213
387 | Building | -31 | 387
420 | Building | 388 | -342
765 | Building | -182 | 7
558 | Building | 276 | -314
161 | Building | 179 | -187
575 | Building | 446 | -66
984 | Building | -252 | -461
470 | Building | 177 | 111
94 | Building | -72 | 344
805 | Building | 104 | 211
421 | Building | 349 | 187
565 | Building | -118 | -494
323 | Building | 376 | -414
262 | Building | -446 | -42
790 | Building | 486 | 45
798 | Building | -420 | 484
26 | Building | -220 | 480
108 | Building | 426 | -459
331 | Building | 199 | 10
219 | Building | 383 | -9
68 | Building | -168 | 374
918 | Building | -75 | -313
929 | Building | -404 | 263
668 | Building | 38 | 318
792 | Building | -277 | 307
2 | Building | 146 | -409
687 | Building | 251 | -34
729 | Building | -479 | -64
361 | Building | 458 | -103
234 | Building | 116 | -138
499 | Building | 273 | 424
885 | Building | -370 | 304
351 | Building | -64 | -82
773 | Building | -36 | -131
170 | Building | 475 | -234
439 | Building | 29 | -468
273 | Building | 43 | 24
463 | Building | -167 | -191
166 | Building | 255 | 98
434 | Building | -84 | -84
866 | Building | 407 | 126
815 | Building | -435 | -383
392 | Building | -286 | 204
481 | Building | -447 | 1
752 | Building | -68 | 12
315 | Building | -307 | -69
107 | Building | -310 | -216
309 | Building | -473 | -294
276 | Building | -439 | -302
981 | Building | 15 | 133
203 | Building | 19 | 125
572 | Building | -171 | 139
587 | Building | 354 | 40
783 | Building | 91 | 83
738 | Building | 186 | 473
316 | Building | 294 | -88
590 | Building | -35 | -113
415 | Building | -143 | 130
872 | Building | -493 | 334
272 | Building | 182 | 418
924 | Building | -159 | 50
460 | Building | 85 | -26
990 | Building | -86 | -446
867 | Building | -108 | 325
155 | Building | 366 | 14
91 | Building | 118 | 400
600 | Building | -1 | -231
756 | Building | -77 | 372
582 | Building | 164 | 343
188 | Building | -387 | 43
478 | Building | -169 | 26
124 | Building | 350 | -31
369 | Building | 149 | -301
41 | Building | -290 | -356
412 | Building | 432 | 136
819 | Building | -232 | -238
557 | Building | 260 | 463
85 | Building | -341 | 352
716 | Building | -318 | -353
551 | Building | -298 | -312
286 | Building | 374 | -133
457 | Building | -193 | -107
976 | Building | 306 | -458
710 | Building | -289 | 103
349 | Building | -356 | -412
605 | Building | -265 | -276
236 | Building | -345 | -396
858 | Building | -390 | -227
322 | Building | 287 | -303
799 | Building | -237 | -317
516 | Building | 372 | 22
207 | Building | 430 | 161
627 | Building | -149 | 370
670 | Building | -38 | -169
868 | Building | 44 | 19
441 | Building | -259 | 258
389 | Building | -453 | 326
939 | Building | -81 | -465
669 | Building | -124 | 82
380 | Building | 457 | -224
295 | Building | 165 | -391
192 | Building | -26 | -52
72 | Building | 460 | 178
879 | Building | -441 | 363
97 | Building | 404 | -305
144 | Building | -436 | 487
963 | Building | -418 | -63
458 | Building | 332 | 296
446 | Building | -15 | 205
114 | Building | -137 | -210
552 | Building | -173 | 28
250 | Building | 163 | 285
919 | Building | -28 | 466
545 | Building | -98 | -148
471 | Building | 293 | 63
961 | Building | -313 | 247
411 | Building | -407 | 199
180 | Building | -478 | -12
222 | Building | 313 | 52
78 | Building | -2 | 194
65 | Building | 74 | -483
494 | Building | 286 | 55
213 | Building | 68 | -271
910 | Building | 441 | 423
212 | Building | -221 | 449
329 | Building | 344 | 338
326 | Building | -275 | 179
477 | Building | -322 | -274
987 | Building | 24 | 265
507 | Building | 101 | -413
771 | Building | -312 | -297
327 | Building | -372 | -292
486 | Building | -27 | -270
795 | Building | -153 | -75
736 | Building | 322 | 434
648 | Building | -96 | -85
978 | Building | -336 | 280
89 | Building | -400 | -127
624 | Building | 254 | 147
364 | Building | -378 | 189
861 | Building | 422 | 498
626 | Building | 283 | 261
727 | Building | -360 | 289
5 | Building | 318 | 217
456 | Building | 498 | 284
951 | Building | 132 | 260
520 | Building | 391 | 383
34 | Building | -443 | 369
580 | Building | -179 | -15
869 | Building | -141 | 25
822 | Building | -276 | 257
746 | Building | -457 | -5
416 | Building | -334 | 249
778 | Building | 78 | 256
616 | Building | -373 | 396
328 | Building | 319 | -337
251 | Building | 408 | 438
46 | Building | -250 | -284
523 | Building | 135 | -90
117 | Building | -99 | 478
739 | Building | 488 | -492
377 | Building | 385 | -362
238 | Building | 137 | -119
454 | Building | -295 | 361
835 | Building | 73 | -381
352 | Building | 240 | -137
336 | Building | 230 | -277
845 | Building | -483 | -344
346 | Building | 497 | -300
808 | Building | 119 | -205
70 | Building | -139 | -479
816 | Building | -292 | -357
220 | Building | -91 | 240
570 | Building | -142 | -253
359 | Building | 223 | -265
47 | Building | -498 | 494
205 | Building | 345 | 214
833 | Building | -121 | -162
339 | Building | 250 | -402
487 | Building | -156 | 315
455 | Building | -327 | -416
474 | Building | -361 | -258
480 | Building | 167 | -490
564 | Building | 155 | -214
619 | Building | 442 | -498
366 | Building | 191 | 368
948 | Building | 478 | -94
694 | Building | 275 | -268
242 | Building | -17 | -360
583 | Building | 26 | 252
982 | Building | -445 | -331
804 | Building | 412 | 203
345 | Building | 62 | -474
408 | Building | -54 | 27
84 | Building | -379 | 195
904 | Building | -330 | -262
971 | Building | -140 | 18
843 | Building | 405 | 49
358 | Building | -166 | -143
662 | Building | -303 | -168
119 | Building | -116 | 427
239 | Building | 55 | 104
0 | Building | 5 | -316
905 | Building | 480 | 127
19 | Building | 97 | -10
777 | Building | -480 | -232
235 | Building | -240 | 292
524 | Building | 185 | 416
153 | Building | 417 | 404
562 | Building | 180 | -366
903 | Building | -355 | 15
571 | Building | -482 | 183
491 | Building | -293 | 198
937 | Building | -175 | 80
62 | Building | 17 | -345
165 | Building | -419 | -208
641 | Building | 10 | 93
210 | Building | 90 | 219
429 | Building | -58 | -46
821 | Building | -248 | -166
786 | Building | -87 | -86
249 | Building | -33 | -299
863 | Building | 89 | -222
734 | Building | 109 | -226
264 | Building | -410 | -310
794 | Building | -344 | -1
839 | Building | 362 | -432
916 | Building | -60 | -122
206 | Building | -285 | 457
275 | Building | -491 | -77
373 | Building | 401 | -95
593 | Building | 302 | 331
313 | Building | 51 | 288
967 | Building | 23 | -247
459 | Building | 87 | 213
886 | Building | 21 | -329
362 | Building | -300 | 469
781 | Building | 100 | -76
988 | Building | -398 | -419
425 | Building | 12 | 99
291 | Building | 92 | 422
555 | Building | 145 | 74
834 | Building | -279 | -343
183 | Building | -375 | 144
400 | Building | -158 | 443
71 | Building | -53 | 287
768 | Building | -423 | 131
651 | Building | 290 | 186
244 | Building | -278 | 303
931 | Building | -425 | 184
154 | Building | 150 | -437
103 | Building | -155 | -221
683 | Building | 138 | -364
298 | Building | -429 | -207
438 | Building | 148 | -21
121 | Building | -297 | 337
584 | Building | -485 | 462
497 | Building | 210 | -425
409 | Building | -255 | -83
625 | Building | 193 | -278
578 | Building | -267 | -53
560 | Building | 336 | -441
137 | Building | -467 | 255
505 | Building | 487 | 113
237 | Building | 171 | 276
974 | Building | 63 | -218
899 | Building | -133 | -374
722 | Building | 56 | 72
975 | Building | 266 | -106
647 | Building | 252 | -460
31 | Building | 238 | -324
159 | Building | -440 | -108
762 | Building | 257 | -246
850 | Building | -311 | 37
851 | Building | 0 | 157
484 | Building | -432 | -440
394 | Building | 220 | 128
1000 | Building | 323 | -281
40 | Building | -34 | -261
915 | Building | 201 | 485
12 | Building | 3 | -252
998 | Building | 333 | 456
966 | Building | -476 | 175
705 | Building | 392 | 348
270 | Building | 123 | -358
875 | Building | -260 | 425
22 | Building | 363 | 339
69 | Building | -37 | 364
751 | Building | -47 | -400
216 | Building | -362 | -175
120 | Building | -131 | -150
374 | Building | -222 | 73
48 | Building | -209 | 222
232 | Building | 396 | 177
337 | Building | -19 | -420
437 | Building | -301 | 314
680 | Building | -266 | -126
414 | Building | 108 | 155
168 | Building | -105 | -428
106 | Building | -347 | 269
870 | Building | -57 | -35
970 | Building | 236 | -225
158 | Building | 328 | 44
278 | Building | -416 | 75
960 | Building | 196 | 200
35 | Building | 211 | -279
248 | Building | 160 | -65
640 | Building | -227 | 345
208 | Building | 264 | -17
79 | Building | -306 | 384
444 | Building | 261 | 302
325 | Building | 393 | -453
217 | Building | 154 | 299
629 | Building | 410 | 353
824 | Building | 47 | -20
269 | Building | -343 | -467
399 | Building | -172 | -215
370 | Building | -40 | -256
231 | Building | 398 | -289
820 | Building | 371 | 491
675 | Building | -433 | 156
426 | Building | 346 | 218
829 | Building | 152 | -115
142 | Building | -69 | 401
230 | Building | -197 | -293
807 | Building | -138 | 169
57 | Building | -113 | -332
579 | Building | -214 | 33
18 | Building | -122 | 92
519 | Building | 386 | 150
944 | Building | -21 | 266
308 | Building | -461 | 160
540 | Building | -25 | 236
443 | Building | 378 | -60
20 | Building | 125 | 426
403 | Building | 110 | 268
831 | Building | -208 | -240
102 | Building | 317 | -322
836 | Building | 247 | -255
613 | Building | -499 | 475
887 | Building | 365 | -497
508 | Building | -426 | -290
467 | Building | 479 | -179
977 | Building | -239 | -33
290 | Building | -9 | -203
699 | Building | 48 | -11
844 | Building | -201 | -469
531 | Building | -161 | 162
226 | Building | -348 | -500
677 | Building | 315 | 233
817 | Building | -392 | 274
193 | Building | 37 | 394
368 | Building | 343 | -335
986 | Building | 338 | 291
146 | Building | 106 | -40
181 | Building | -458 | -330
23 | Building | 335 | 333
725 | Building | -180 | 275
81 | Building | -399 | -23
538 | Building | 36 | 286
310 | Building | 329 | 459
855 | Building | -500 | 34
509 | Building | -63 | 46
43 | Building | -302 | -206
229 | Building | 75 | 342
410 | Building | 263 | -116
433 | Building | -48 | 97
894 | Building | 131 | -254
547 | Building | 190 | -2
140 | Building | 65 | 88
453 | Building | 71 | -495
732 | Building | 456 | -45
907 | Building | 174 | 270
14 | Building | 53 | 123
145 | Building | -320 | 76
378 | Building | -422 | 110
787 | Building | -359 | -422
274 | Building | 375 | 121
365 | Building | -393 | -140
713 | Building | -106 | -135
343 | Building | -324 | 164
901 | Building | -414 | 89
830 | Building | 489 | 120
690 | Building | -185 | -180
353 | Building | 262 | -124
332 | Building | 72 | 341
405 | Building | -80 | -151
407 | Building | -174 | -78
912 | Building | -296 | 442
311 | Building | -391 | 472
712 | Building | -470 | 301
639 | Building | 121 | -393
606 | Building | 170 | 329
642 | Building | 413 | -257
922 | Building | 418 | 124
475 | Building | -421 | -438
618 | Building | 151 | -62
972 | Building | 342 | 402
58 | Building | -328 | 114
221 | Building | 395 | -371
227 | Building | 54 | 492
515 | Building | -170 | -304
194 | Building | -123 | 407
395 | Building | 495 | -181
367 | Building | -272 | 340
500 | Building | 46 | 376
576 | Building | -176 | 471
980 | Building | 224 | 17
464 | Building | -487 | 483
962 | Building | 483 | -37
927 | Building | -339 | -493
788 | Building | 197 | -346
812 | Building | 298 | -199
292 | Building | 337 | -429
856 | Building | -8 | 66
779 | Building | 233 | -463
544 | Building | -95 | -74
621 | Building | -389 | -359
112 | Building | 147 | -398
451 | Building | -288 | 246
947 | Building | -319 | -349
934 | Building | -402 | 192
628 | Building | -405 | -228
696 | Building | -243 | 32
702 | Building | -160 | -105
279 | Building | 469 | -496
297 | Building | -281 | 373
884 | Building | 331 | -184
780 | Building | 444 | -153
902 | Building | 183 | -100
199 | Building | 414 | 432
383 | Building | -101 | 146
622 | Building | -424 | -32
490 | Building | -183 | 335
317 | Building | -495 | -49
685 | Building | -82 | 196
537 | Building | -449 | -235
530 | Building | 35 | 172
730 | Building | -150 | 185
240 | Building | 157 | -123
371 | Building | 467 | 60
847 | Building | -45 | -8
350 | Building | -109 | -44
744 | Building | 448 | -476
709 | Building | 403 | 129
993 | Building | -242 | 389
589 | Building | 452 | -433
953 | Building | -206 | 116
143 | Building | 218 | 428
731 | Building | -234 | 190
461 | Building | 83 | 441
492 | Building | 205 | -91
469 | Building | -146 | -264
335 | Building | 285 | -491
442 | Building | -374 | -407
921 | Building | 326 | 176
652 | Building | -282 | 140
707 | Building | 370 | 132
755 | Building | 14 | -39
488 | Building | -114 | -89
363 | Building | 9 | 226
569 | Building | -42 | 210
955 | Building | -382 | 251
895 | Building | -66 | 227
553 | Building | -368 | -241
529 | Building | -162 | 106
592 | Building | -97 | 259
138 | Building | -181 | -456
841 | Building | -128 | -421
435 | Building | -125 | -328
679 | Building | 305 | -347
862 | Building | -147 | 149
992 | Building | 225 | 253
615 | Building | 168 | 495
748 | Building | 214 | -141
289 | Building | -43 | -411
354 | Building | -394 | 293
698 | Building | 296 | -245
597 | Building | 494 | -248
876 | Building | 217 | 453
645 | Building | 420 | 377
176 | Building | 436 | 397
98 | Building | 234 | 336
810 | Building | 102 | -315
390 | Building | 82 | 70
543 | Building | -350 | 56
684 | Building | 423 | -204
479 | Building | -44 | 454
333 | Building | 28 | -480
774 | Building | -246 | -197
954 | Building | 40 | -161
923 | Building | 453 | 3
818 | Building | -18 | -171
714 | Building | 327 | -110
90 | Building | 301 | 148
775 | Building | 428 | 330
348 | Building | -92 | -165
402 | Building | 219 | -87
360 | Building | -126 | 208
430 | Building | 445 | -451
281 | Building | -268 | -417
574 | Building | -32 | -132
518 | Building | -366 | 398
195 | Building | 95 | -178
384 | Building | -117 | 101
770 | Building | 166 | -163
811 | Building | 114 | -485
741 | Building | 126 | 224
620 | Building | -309 | 181
840 | Building | -132 | -404
258 | Building | 98 | -92
134 | Building | 465 | -388
814 | Building | 203 | 250
135 | Building | 80 | -306
25 | Building | 351 | 180
372 | Building | 209 | -327
506 | Building | -144 | -340
950 | Building | -385 | -149
711 | Building | 424 | -202
745 | Building | -102 | -372
330 | Building | -196 | 310
63 | Building | -492 | 85
406 | Building | 194 | 5
42 | Building | 416 | -287
462 | Building | 267 | 6
393 | Building | 462 | -439
740 | Building | 421 | 254
643 | Building | 129 | -350
130 | Building | 288 | 35
296 | Building | -233 | 371
769 | Building | -104 | -57
45 | Building | 451 | 277
215 | Building | -376 | -379
17 | Building | 188 | -466
283 | Building | 481 | 191
563 | Building | -228 | -6
164 | Building | -369 | 138
842 | Building | -56 | -298
880 | Building | -157 | -326
857 | Building | 11 | 8
965 | Building | 45 | -334
573 | Building | -262 | 61
525 | Building | -127 | -237
37 | Building | 399 | 13
432 | Building | 8 | 39
809 | Building | 184 | 21
15 | Building | 248 | -263
859 | Building | 4 | -117
757 | Building | 279 | 323
263 | Building | 57 | -196
666 | Building | 20 | -478
632 | Building | 59 | -285
64 | Building | 282 | 220
218 | Building | 373 | -102
832 | Building | 355 | 119
513 | Building | -412 | 159
660 | Building | -452 | 386
596 | Building | 499 | 282
86 | Building | -256 | -130
436 | Building | -411 | 154
52 | Building | 77 | 440
761 | Building | -11 | 354
375 | Building | -204 | 165
397 | Building | 141 | -55
449 | Building | -244 | -121
588 | Building | -41 | 216
431 | Building | -224 | 81
147 | Building | -299 | 321
536 | Building | -30 | 242
928 | Building | 466 | -93
892 | Building | 133 | 91
673 | Building | 415 | 311
697 | Building | -225 | -325
241 | Building | -481 | 221
994 | Building | 142 | 476
926 | Building | 242 | 168
689 | Building | -55 | -266
162 | Building | 49 | -19
888 | Building | 111 | -158
630 | Building | -207 | -73
334 | Building | -471 | -377
595 | Building | -213 | -147
93 | Building | 256 | -283
243 | Building | 402 | 51
73 | Building | -413 | 232
644 | Building | 235 | 464
657 | Building | 433 | 379
105 | Building | -274 | 447
688 | Building | -456 | -136
784 | Building | -210 | 474
760 | Building | 195 | -41
881 | Building | 500 | -320
510 | Building | -49 | -395
636 | Building | -184 | 279
598 | Building | -287 | 166
837 | Building | 353 | 406
957 | Building | 22 | 223
678 | Building | -464 | -190
968 | Building | -5 | -449
935 | Building | 84 | -114
614 | Building | -269 | 482
534 | Building | 241 | -452
827 | Building | 228 | 450
233 | Building | 324 | -109
695 | Building | -342 | -223
938 | Building | -24 | 366
539 | Building | -211 | -380
681 | Building | -39 | -176
758 | Building | 406 | 245
191 | Building | -205 | 500
656 | Building | -442 | -475
941 | Building | 356 | -464
846 | Building | 181 | 414
747 | Building | 292 | 300
853 | Building | -74 | -70
911 | Building | -188 | -68
33 | Building | -4 | -67
548 | Building | -187 | -27
252 | Building | 464 | 47
60 | Building | 381 | -426
341 | Building | 482 | -385
554 | Building | -365 | -352
133 | Building | -62 | -291
849 | Building | 347 | 283
522 | Building | 443 | -448
288 | Building | 289 | 410
498 | Building | -315 | -242
418 | Building | -317 | -125
724 | Building | -253 | 305
612 | Building | 299 | 142
198 | Building | -145 | 30
30 | Building | 312 | 62
268 | Building | -415 | 328
382 | Building | -134 | 167
914 | Building | -164 | 225
671 | Building | 173 | -267
591 | Building | -459 | 59
649 | Building | -85 | 295
754 | Building | -189 | 262
424 | Building | -406 | -185
489 | Building | 128 | -405
401 | Building | 394 | -98
603 | Building | 281 | -251
344 | Building | -408 | -382
59 | Building | -316 | 455
566 | Building | -271 | 488
946 | Building | -46 | 448
958 | Building | -129 | 137
633 | Building | -236 | -233
936 | Building | 237 | 31
532 | Building | 139 | 77
703 | Building | 397 | 115
417 | Building | 474 | 430
11 | Building | 368 | 313
561 | Building | 358 | 479
381 | Building | -177 | 38
692 | Building | -417 | -296
253 | Building | 277 | -61
127 | Building | 440 | 64
503 | Building | 27 | 54
661 | Building | 204 | 308
526 | Building | -386 | -273
797 | Building | -215 | 429
663 | Building | -346 | 497
149 | Building | 79 | 230
304 | Building | 7 | -397
167 | Building | 361 | 351
28 | Building | -115 | 349
109 | Building | -455 | -164
223 | Building | -3 | 408
631 | Building | -216 | 399
653 | Building | -88 | 306
338 | Building | -7 | 316
676 | Building | -217 | 152
700 | Building | 340 | -3
321 | Building | 379 | -309
882 | Building | -490 | -217
54 | Building | 280 | -142
638 | Building | 39 | -445
865 | Building | -20 | -455
77 | Building | 449 | -54
355 | Building | -363 | 490
6 | Building | 243 | 231
991 | Building | -331 | -333
163 | Building | 249 | 446
132 | Building | -59 | 356
493 | Building | -198 | 358
594 | Building | -273 | 239
76 | Building | -352 | 381
749 | Building | -152 | -336
56 | Building | 476 | -230
920 | Building | 107 | -239
184 | Building | 76 | 271
101 | Building | 172 | 69
482 | Building | 175 | 153
764 | Building | 42 | -473
871 | Building | 226 | -408
766 | Building | 359 | 499
319 | Building | 134 | -192
599 | Building | -186 | -415
246 | Building | 380 | -193
900 | Building | 207 | -219
568 | Building | -230 | -4
152 | Building | 360 | -471
182 | Building | 307 | 100
428 | Building | 50 | -167
945 | Building | -469 | 243
83 | Building | 52 | -368
996 | Building | 32 | -129
301 | Building | -462 | -7
655 | Building | 473 | -81
721 | Building | 291 | 395
917 | Building | 357 | 29
495 | Building | 122 | 461
255 | Building | 161 | -472
314 | Building | 216 | -209
266 | Building | -349 | 170
187 | Building | 463 | -146
312 | Building | 490 | -427
265 | Building | -450 | 327
125 | Building | -451 | 107
267 | Building | -270 | -38
99 | Building | 450 | -378
549 | Building | 176 | 42
284 | Building | -396 | 380
172 | Building | 30 | 298
118 | Building | -67 | -128
659 | Building | 253 | 79
654 | Building | 61 | 360
828 | Building | 232 | -188
989 | Building | -191 | -450
793 | Building | 472 | 102
285 | Building | -78 | 468
342 | Building | -70 | 151
864 | Building | -472 | 419
728 | Building | 144 | 11
385 | Building | 461 | -311
979 | Building | -488 | -288
908 | Building | -23 | -447
245 | Building | -51 | 452
307 | Building | -61 | -470
9 | Building | 221 | -112
604 | Building | -111 | 290
608 | Building | 162 | 355
883 | Building | 382 | 444
693 | Building | 454 | -174
969 | Building | 259 | -482
423 | Building | 390 | -280
150 | Building | 435 | 420
209 | Building | -194 | 215
66 | Building | -325 | -111
942 | Building | -337 | 78
995 | Building | 431 | 202
802 | Building | 143 | -295
299 | Building | -283 | -406
# Drogi (id | id_szpitala | id_szpitala | odległość) 
395 | 747 | 751 | 526
35 | 917 | 533 | 469
592 | 505 | 736 | 899
910 | 613 | 267 | 982
675 | 516 | 547 | 683
67 | 570 | 770 | 762
494 | 360 | 15 | 420
270 | 900 | 702 | 104
677 | 423 | 283 | 759
744 | 429 | 307 | 122
378 | 929 | 163 | 889
37 | 696 | 558 | 214
224 | 532 | 183 | 518
293 | 360 | 2 | 929
135 | 181 | 799 | 353
679 | 434 | 767 | 118
438 | 826 | 299 | 588
407 | 741 | 638 | 733
883 | 568 | 861 | 789
566 | 259 | 580 | 64
664 | 448 | 556 | 474
487 | 110 | 876 | 69
435 | 894 | 554 | 360
851 | 619 | 305 | 621
756 | 529 | 370 | 207
856 | 906 | 91 | 870
108 | 558 | 895 | 119
265 | 936 | 315 | 805
652 | 255 | 481 | 534
217 | 554 | 563 | 493
82 | 889 | 222 | 935
823 | 270 | 886 | 361
406 | 204 | 267 | 352
537 | 879 | 868 | 916
150 | 19 | 255 | 243
172 | 726 | 362 | 732
327 | 489 | 852 | 742
511 | 313 | 230 | 287
714 | 332 | 586 | 145
909 | 136 | 743 | 904
819 | 558 | 176 | 987
95 | 104 | 892 | 924
857 | 357 | 457 | 178
646 | 5 | 75 | 708
978 | 893 | 81 | 273
237 | 886 | 568 | 562
698 | 659 | 105 | 282
908 | 818 | 525 | 164
302 | 296 | 169 | 21
390 | 106 | 705 | 257
929 | 435 | 343 | 135
513 | 850 | 479 | 753
169 | 109 | 22 | 681
381 | 468 | 266 | 372
222 | 388 | 315 | 775
215 | 77 | 545 | 701
569 | 317 | 521 | 674
550 | 679 | 791 | 647
90 | 360 | 891 | 197
45 | 296 | 281 | 461
88 | 972 | 661 | 891
230 | 391 | 161 | 884
75 | 107 | 39 | 532
362 | 821 | 805 | 796
921 | 308 | 760 | 608
630 | 910 | 593 | 306
266 | 514 | 603 | 912
328 | 957 | 465 | 760
480 | 629 | 553 | 861
162 | 696 | 83 | 677
443 | 754 | 128 | 255
654 | 475 | 176 | 804
791 | 143 | 716 | 5
181 | 950 | 476 | 855
122 | 677 | 937 | 77
860 | 454 | 514 | 333
596 | 140 | 853 | 159
180 | 115 | 239 | 558
750 | 44 | 900 | 299
979 | 617 | 839 | 161
350 | 481 | 777 | 229
848 | 718 | 695 | 871
638 | 925 | 667 | 574
525 | 548 | 333 | 451
349 | 688 | 358 | 75
853 | 43 | 971 | 781
449 | 342 | 668 | 332
727 | 496 | 295 | 13
256 | 352 | 143 | 652
852 | 135 | 392 | 721
928 | 832 | 780 | 4
496 | 693 | 680 | 887
400 | 506 | 219 | 408
684 | 874 | 558 | 112
97 | 338 | 150 | 397
249 | 147 | 251 | 618
437 | 913 | 167 | 8
165 | 904 | 805 | 663
8 | 732 | 18 | 307
564 | 12 | 308 | 183
412 | 72 | 224 | 856
829 | 909 | 866 | 572
977 | 353 | 960 | 551
680 | 321 | 21 | 598
728 | 998 | 582 | 654
527 | 24 | 162 | 460
242 | 3 | 727 | 186
834 | 194 | 263 | 628
261 | 839 | 559 | 380
277 | 375 | 763 | 617
843 | 154 | 992 | 527
842 | 266 | 513 | 9
632 | 117 | 404 | 915
149 | 441 | 817 | 644
273 | 423 | 739 | 54
966 | 252 | 32 | 175
445 | 213 | 771 | 184
77 | 729 | 143 | 754
397 | 736 | 509 | 362
785 | 921 | 28 | 963
643 | 982 | 575 | 739
441 | 76 | 999 | 208
901 | 750 | 463 | 115
482 | 568 | 368 | 268
854 | 81 | 394 | 846
767 | 655 | 522 | 369
295 | 578 | 708 | 637
422 | 267 | 129 | 806
96 | 204 | 108 | 462
996 | 811 | 897 | 780
642 | 976 | 198 | 770
880 | 359 | 909 | 841
884 | 382 | 72 | 911
997 | 537 | 784 | 545
667 | 753 | 515 | 758
660 | 734 | 978 | 298
670 | 731 | 807 | 61
298 | 913 | 799 | 944
751 | 721 | 478 | 537
17 | 98 | 830 | 833
548 | 135 | 431 | 212
41 | 657 | 255 | 710
259 | 767 | 562 | 658
528 | 625 | 398 | 818
798 | 577 | 198 | 447
789 | 197 | 477 | 262
29 | 571 | 840 | 629
127 | 430 | 541 | 660
742 | 822 | 987 | 886
523 | 511 | 113 | 91
835 | 200 | 794 | 890
403 | 151 | 804 | 672
517 | 616 | 246 | 140
200 | 503 | 651 | 508
24 | 562 | 879 | 7
100 | 890 | 751 | 835
1 | 534 | 294 | 840
479 | 52 | 573 | 859
297 | 277 | 504 | 444
939 | 287 | 142 | 203
115 | 939 | 580 | 522
984 | 26 | 696 | 726
593 | 554 | 756 | 242
992 | 183 | 881 | 1000
219 | 625 | 189 | 37
560 | 837 | 999 | 792
985 | 366 | 488 | 918
59 | 228 | 27 | 141
565 | 718 | 63 | 930
102 | 318 | 246 | 371
567 | 624 | 496 | 639
196 | 265 | 950 | 950
255 | 688 | 501 | 787
673 | 251 | 477 | 903
617 | 985 | 664 | 314
245 | 964 | 151 | 16
240 | 884 | 221 | 814
810 | 971 | 421 | 72
325 | 212 | 609 | 399
703 | 839 | 455 | 897
101 | 972 | 363 | 949
700 | 474 | 705 | 932
784 | 954 | 325 | 171
502 | 335 | 364 | 768
83 | 445 | 793 | 431
202 | 444 | 601 | 42
694 | 23 | 146 | 192
125 | 333 | 323 | 342
772 | 450 | 424 | 237
66 | 225 | 496 | 586
492 | 561 | 3 | 528
352 | 366 | 921 | 881
614 | 993 | 18 | 418
609 | 539 | 645 | 249
159 | 720 | 949 | 59
704 | 314 | 173 | 456
753 | 512 | 162 | 706
16 | 589 | 936 | 304
247 | 920 | 805 | 602
913 | 781 | 818 | 190
838 | 934 | 996 | 395
63 | 973 | 910 | 523
612 | 255 | 416 | 157
735 | 352 | 491 | 482
604 | 566 | 8 | 309
808 | 395 | 620 | 201
676 | 728 | 225 | 938
306 | 467 | 322 | 503
571 | 380 | 5 | 854
520 | 174 | 108 | 624
76 | 842 | 583 | 470
726 | 318 | 467 | 700
786 | 946 | 651 | 824
716 | 269 | 690 | 155
121 | 517 | 869 | 71
345 | 750 | 45 | 822
553 | 273 | 752 | 698
968 | 41 | 800 | 596
817 | 769 | 723 | 24
241 | 944 | 555 | 571
429 | 779 | 393 | 823
658 | 842 | 670 | 589
134 | 581 | 200 | 105
935 | 682 | 812 | 288
361 | 94 | 968 | 254
837 | 167 | 933 | 664
426 | 72 | 34 | 548
899 | 243 | 490 | 402
803 | 821 | 945 | 705
881 | 630 | 606 | 600
213 | 555 | 910 | 673
344 | 870 | 292 | 106
563 | 376 | 99 | 401
414 | 381 | 808 | 445
858 | 250 | 141 | 957
611 | 651 | 561 | 909
78 | 76 | 934 | 468
309 | 29 | 901 | 867
228 | 150 | 675 | 479
757 | 924 | 707 | 942
334 | 903 | 320 | 956
897 | 902 | 371 | 240
616 | 764 | 270 | 529
796 | 592 | 579 | 96
590 | 81 | 836 | 131
765 | 177 | 895 | 575
335 | 857 | 800 | 752
371 | 120 | 751 | 335
708 | 329 | 291 | 819
649 | 547 | 396 | 128
705 | 854 | 663 | 496
432 | 216 | 96 | 146
418 | 472 | 416 | 895
965 | 176 | 472 | 491
138 | 768 | 45 | 883
866 | 775 | 61 | 553
104 | 797 | 275 | 761
912 | 198 | 4 | 549
446 | 346 | 43 | 272
153 | 551 | 856 | 731
993 | 906 | 460 | 359
107 | 858 | 866 | 224
380 | 131 | 613 | 40
23 | 496 | 9 | 356
813 | 605 | 971 | 936
661 | 917 | 346 | 250
30 | 272 | 383 | 152
987 | 38 | 362 | 910
19 | 129 | 825 | 613
393 | 827 | 823 | 95
988 | 168 | 843 | 331
941 | 482 | 562 | 500
572 | 286 | 274 | 124
505 | 223 | 846 | 60
31 | 769 | 152 | 651
34 | 58 | 273 | 991
943 | 64 | 104 | 393
738 | 663 | 836 | 113
440 | 978 | 177 | 812
886 | 305 | 897 | 965
905 | 503 | 994 | 256
828 | 991 | 506 | 712
925 | 922 | 180 | 879
554 | 225 | 927 | 791
719 | 923 | 506 | 828
849 | 32 | 615 | 473
779 | 979 | 626 | 717
132 | 384 | 26 | 928
980 | 405 | 306 | 994
460 | 924 | 175 | 737
762 | 590 | 359 | 785
770 | 309 | 723 | 844
32 | 679 | 22 | 458
627 | 362 | 525 | 405
991 | 225 | 635 | 946
844 | 583 | 793 | 592
491 | 972 | 174 | 486
586 | 748 | 286 | 28
903 | 308 | 613 | 704
736 | 88 | 343 | 585
343 | 895 | 741 | 438
878 | 685 | 375 | 920
392 | 737 | 387 | 310
717 | 81 | 905 | 139
657 | 998 | 825 | 213
621 | 416 | 245 | 748
669 | 404 | 169 | 275
485 | 960 | 841 | 387
691 | 194 | 822 | 489
486 | 464 | 51 | 837
330 | 967 | 979 | 65
807 | 452 | 664 | 174
964 | 724 | 589 | 877
615 | 241 | 621 | 15
777 | 78 | 385 | 972
235 | 163 | 902 | 584
238 | 58 | 76 | 404
250 | 234 | 419 | 630
294 | 334 | 694 | 63
424 | 18 | 613 | 679
320 | 310 | 884 | 89
702 | 748 | 646 | 860
70 | 339 | 899 | 669
697 | 823 | 41 | 506
972 | 646 | 375 | 691
562 | 686 | 836 | 376
907 | 863 | 57 | 979
721 | 850 | 161 | 430
656 | 143 | 824 | 604
468 | 263 | 405 | 390
606 | 775 | 544 | 366
417 | 600 | 758 | 98
346 | 58 | 754 | 832
307 | 295 | 111 | 46
636 | 500 | 629 | 478
618 | 399 | 235 | 990
994 | 47 | 868 | 10
983 | 727 | 603 | 6
519 | 800 | 114 | 722
204 | 517 | 850 | 481
589 | 994 | 660 | 809
315 | 873 | 415 | 419
776 | 473 | 81 | 19
463 | 6 | 981 | 977
313 | 78 | 75 | 173
961 | 887 | 850 | 795
543 | 668 | 970 | 328
506 | 633 | 691 | 999
358 | 548 | 394 | 811
975 | 212 | 76 | 934
477 | 677 | 318 | 384
263 | 866 | 759 | 902
11 | 750 | 130 | 36
549 | 53 | 387 | 181
575 | 58 | 619 | 43
489 | 564 | 738 | 271
382 | 351 | 373 | 354
830 | 645 | 576 | 793
119 | 998 | 640 | 695
404 | 889 | 966 | 850
462 | 805 | 281 | 808
33 | 973 | 240 | 676
183 | 622 | 87 | 168
805 | 911 | 291 | 293
801 | 722 | 763 | 869
644 | 163 | 136 | 312
231 | 781 | 536 | 321
724 | 315 | 101 | 612
689 | 344 | 946 | 102
425 | 281 | 26 | 450
420 | 110 | 314 | 330
937 | 113 | 674 | 507
730 | 226 | 475 | 51
48 | 371 | 414 | 983
87 | 16 | 225 | 714
359 | 479 | 773 | 410
282 | 0 | 563 | 260
641 | 617 | 796 | 274
722 | 291 | 495 | 187
687 | 780 | 197 | 925
839 | 605 | 468 | 3
934 | 80 | 278 | 728
7 | 419 | 384 | 693
950 | 551 | 763 | 921
561 | 812 | 515 | 643
391 | 860 | 456 | 511
467 | 610 | 683 | 564
272 | 462 | 469 | 127
845 | 112 | 225 | 427
342 | 263 | 510 | 638
243 | 827 | 557 | 18
136 | 178 | 349 | 995
469 | 328 | 752 | 723
72 | 71 | 326 | 970
707 | 597 | 253 | 370
451 | 255 | 696 | 443
963 | 167 | 191 | 797
117 | 370 | 368 | 158
745 | 632 | 275 | 33
430 | 974 | 472 | 716
918 | 846 | 261 | 47
415 | 932 | 256 | 773
558 | 751 | 620 | 348
68 | 8 | 848 | 702
755 | 185 | 385 | 302
818 | 767 | 535 | 85
464 | 62 | 366 | 535
940 | 300 | 956 | 38
605 | 831 | 803 | 831
383 | 203 | 924 | 407
244 | 913 | 83 | 646
40 | 774 | 73 | 424
802 | 602 | 425 | 248
568 | 316 | 118 | 947
144 | 865 | 524 | 167
14 | 446 | 261 | 422
531 | 300 | 813 | 375
355 | 781 | 737 | 954
603 | 888 | 759 | 684
340 | 487 | 85 | 235
551 | 975 | 611 | 756
114 | 380 | 701 | 611
203 | 916 | 844 | 601
279 | 920 | 384 | 517
291 | 339 | 57 | 253
701 | 698 | 625 | 955
974 | 90 | 590 | 650
351 | 438 | 5 | 189
303 | 294 | 451 | 222
859 | 485 | 724 | 477
873 | 642 | 221 | 966
324 | 714 | 163 | 79
364 | 889 | 771 | 567
559 | 241 | 501 | 839
595 | 712 | 362 | 285
936 | 961 | 475 | 281
954 | 277 | 739 | 557
953 | 615 | 844 | 620
600 | 173 | 610 | 566
278 | 750 | 423 | 132
594 | 193 | 532 | 471
356 | 346 | 211 | 263
610 | 154 | 740 | 219
208 | 452 | 509 | 777
706 | 446 | 572 | 926
105 | 808 | 799 | 964
889 | 107 | 449 | 898
962 | 436 | 43 | 339
493 | 436 | 220 | 199
178 | 186 | 6 | 2
201 | 720 | 386 | 425
846 | 261 | 381 | 502
457 | 63 | 708 | 616
225 | 880 | 102 | 315
142 | 818 | 353 | 50
296 | 686 | 429 | 363
54 | 748 | 880 | 291
870 | 756 | 507 | 703
450 | 301 | 368 | 730
747 | 746 | 493 | 433
229 | 557 | 251 | 221
0 | 688 | 96 | 951
800 | 780 | 456 | 160
44 | 980 | 210 | 667
89 | 677 | 987 | 606
900 | 382 | 590 | 969
166 | 976 | 684 | 205
855 | 24 | 928 | 327
289 | 775 | 767 | 231
251 | 801 | 388 | 295
257 | 321 | 880 | 873
323 | 898 | 812 | 657
341 | 290 | 540 | 133
795 | 966 | 612 | 323
280 | 978 | 891 | 985
769 | 810 | 948 | 939
79 | 881 | 594 | 92
64 | 617 | 695 | 336
57 | 995 | 838 | 986
526 | 64 | 349 | 968
806 | 602 | 864 | 975
824 | 881 | 129 | 459
944 | 275 | 86 | 225
73 | 442 | 630 | 907
216 | 935 | 394 | 313
49 | 737 | 430 | 156
199 | 843 | 196 | 485
18 | 866 | 10 | 172
413 | 508 | 504 | 593
376 | 860 | 446 | 258
461 | 512 | 155 | 251
508 | 816 | 459 | 153
570 | 377 | 406 | 953
205 | 623 | 109 | 364
503 | 337 | 418 | 607
286 | 203 | 890 | 200
840 | 764 | 814 | 563
956 | 136 | 924 | 525
688 | 751 | 143 | 573
146 | 373 | 703 | 892
580 | 805 | 253 | 193
995 | 173 | 982 | 757
408 | 926 | 990 | 379
357 | 642 | 70 | 913
311 | 634 | 121 | 996
275 | 644 | 58 | 565
65 | 800 | 653 | 989
363 | 587 | 569 | 177
274 | 343 | 960 | 296
635 | 937 | 549 | 541
743 | 371 | 765 | 799
601 | 687 | 501 | 552
252 | 485 | 879 | 556
529 | 234 | 726 | 580
470 | 602 | 488 | 998
584 | 391 | 253 | 745
949 | 721 | 252 | 238
945 | 392 | 95 | 952
579 | 148 | 537 | 971
599 | 297 | 537 | 428
377 | 728 | 735 | 539
990 | 71 | 792 | 560
895 | 477 | 311 | 457
145 | 977 | 583 | 283
959 | 730 | 755 | 137
495 | 796 | 943 | 692
473 | 352 | 226 | 648
488 | 808 | 123 | 56
896 | 525 | 129 | 779
711 | 710 | 766 | 20
472 | 279 | 414 | 432
436 | 761 | 804 | 802
557 | 897 | 155 | 179
399 | 266 | 553 | 22
116 | 774 | 649 | 346
129 | 974 | 198 | 656
754 | 762 | 208 | 284
516 | 10 | 847 | 686
720 | 163 | 643 | 727
258 | 705 | 912 | 864
210 | 245 | 160 | 453
471 | 593 | 268 | 605
783 | 616 | 232 | 226
103 | 612 | 143 | 729
847 | 280 | 357 | 569
301 | 633 | 350 | 625
647 | 716 | 686 | 446
989 | 701 | 995 | 690
269 | 272 | 54 | 483
287 | 929 | 418 | 917
737 | 970 | 173 | 634
793 | 941 | 91 | 151
12 | 92 | 610 | 440
957 | 380 | 194 | 286
637 | 110 | 846 | 568
890 | 478 | 476 | 261
625 | 653 | 758 | 931
427 | 595 | 887 | 116
141 | 568 | 655 | 866
746 | 710 | 964 | 633
867 | 609 | 252 | 697
198 | 666 | 209 | 343
389 | 735 | 788 | 880
696 | 731 | 524 | 825
211 | 847 | 0 | 582
155 | 10 | 881 | 590
640 | 941 | 543 | 640
419 | 837 | 555 | 394
969 | 358 | 620 | 94
268 | 717 | 934 | 383
725 | 474 | 949 | 834
864 | 648 | 269 | 813
233 | 505 | 769 | 472
522 | 441 | 716 | 247
998 | 275 | 40 | 923
510 | 484 | 793 | 218
812 | 498 | 407 | 403
317 | 851 | 683 | 689
904 | 577 | 30 | 843
524 | 863 | 12 | 216
920 | 985 | 149 | 121
167 | 917 | 483 | 631
682 | 192 | 647 | 536
536 | 451 | 785 | 347
686 | 308 | 385 | 423
375 | 851 | 539 | 436
71 | 771 | 779 | 154
284 | 695 | 935 | 852
38 | 280 | 192 | 169
143 | 698 | 398 | 349
292 | 605 | 947 | 80
288 | 789 | 76 | 901
28 | 581 | 780 | 358
507 | 248 | 987 | 334
651 | 98 | 668 | 39
504 | 241 | 618 | 166
481 | 885 | 628 | 615
209 | 696 | 28 | 70
84 | 913 | 437 | 687
764 | 340 | 439 | 603
191 | 503 | 824 | 367
497 | 774 | 349 | 520
534 | 95 | 84 | 980
189 | 866 | 42 | 162
109 | 1 | 629 | 960
151 | 543 | 790 | 233
319 | 230 | 895 | 267
409 | 419 | 775 | 786
39 | 58 | 690 | 851
50 | 354 | 99 | 78
833 | 974 | 175 | 666
447 | 415 | 979 | 32
544 | 477 | 102 | 52
455 | 656 | 550 | 973
428 | 219 | 106 | 386
185 | 725 | 284 | 670
732 | 27 | 526 | 204
879 | 933 | 544 | 34
182 | 7 | 762 | 14
759 | 244 | 836 | 297
51 | 324 | 203 | 246
267 | 5 | 742 | 827
478 | 743 | 686 | 627
118 | 535 | 874 | 88
106 | 935 | 756 | 480
2 | 562 | 708 | 421
973 | 142 | 682 | 466
876 | 989 | 183 | 463
112 | 245 | 700 | 163
850 | 868 | 130 | 149
312 | 822 | 463 | 542
218 | 357 | 713 | 583
799 | 762 | 371 | 123
188 | 643 | 449 | 540
740 | 373 | 632 | 476
110 | 139 | 634 | 820
832 | 649 | 592 | 147
885 | 425 | 921 | 103
598 | 345 | 927 | 114
613 | 681 | 170 | 217
947 | 690 | 473 | 538
888 | 385 | 374 | 416
971 | 639 | 409 | 512
25 | 257 | 509 | 741
314 | 336 | 559 | 755
626 | 90 | 840 | 576
816 | 957 | 388 | 908
970 | 25 | 858 | 143
212 | 77 | 146 | 244
476 | 898 | 834 | 778
452 | 124 | 91 | 93
663 | 518 | 461 | 340
6 | 423 | 30 | 484
154 | 998 | 793 | 406
666 | 128 | 633 | 597
792 | 426 | 662 | 619
645 | 121 | 25 | 311
61 | 86 | 695 | 381
411 | 418 | 780 | 978
887 | 48 | 500 | 357
168 | 618 | 446 | 220
927 | 523 | 339 | 414
283 | 655 | 760 | 227
581 | 213 | 696 | 945
518 | 224 | 103 | 378
91 | 705 | 2 | 782
715 | 723 | 802 | 206
538 | 794 | 54 | 442
710 | 72 | 392 | 662
236 | 849 | 964 | 609
741 | 821 | 95 | 68
821 | 172 | 929 | 385
220 | 230 | 322 | 801
490 | 836 | 25 | 368
619 | 993 | 269 | 764
681 | 522 | 644 | 842
285 | 52 | 552 | 148
354 | 965 | 107 | 316
871 | 222 | 91 | 276
308 | 849 | 52 | 73
915 | 332 | 410 | 688
69 | 430 | 21 | 325
331 | 125 | 52 | 610
695 | 665 | 896 | 581
933 | 428 | 679 | 308
372 | 769 | 737 | 943
353 | 357 | 303 | 377
532 | 594 | 419 | 320
474 | 908 | 709 | 100
877 | 277 | 66 | 914
591 | 670 | 21 | 594
836 | 416 | 432 | 142
958 | 558 | 784 | 744
173 | 563 | 78 | 81
365 | 999 | 801 | 668
607 | 498 | 323 | 521
794 | 996 | 118 | 25
26 | 144 | 24 | 110
177 | 355 | 506 | 997
246 | 697 | 265 | 738
416 | 764 | 695 | 992
665 | 522 | 912 | 882
398 | 137 | 90 | 577
321 | 410 | 397 | 554
672 | 311 | 750 | 766
894 | 153 | 561 | 514
374 | 120 | 330 | 44
195 | 419 | 838 | 769
892 | 742 | 632 | 794
521 | 162 | 84 | 751
120 | 961 | 618 | 927
421 | 627 | 729 | 322
930 | 181 | 603 | 392
760 | 575 | 70 | 790
337 | 411 | 494 | 948
475 | 84 | 463 | 642
540 | 742 | 896 | 815
535 | 940 | 579 | 99
170 | 232 | 779 | 198
734 | 606 | 648 | 67
113 | 514 | 81 | 543
387 | 438 | 547 | 429
500 | 230 | 443 | 829
74 | 168 | 519 | 747
85 | 144 | 16 | 454
379 | 386 | 974 | 488
442 | 107 | 703 | 962
659 | 957 | 581 | 974
946 | 1000 | 251 | 12
264 | 635 | 860 | 724
693 | 44 | 247 | 228
782 | 813 | 668 | 715
902 | 162 | 913 | 455
623 | 244 | 292 | 874
147 | 454 | 920 | 774
761 | 768 | 273 | 655
131 | 991 | 222 | 374
578 | 319 | 923 | 396
206 | 369 | 224 | 434
456 | 965 | 879 | 862
405 | 724 | 353 | 185
804 | 984 | 196 | 90
271 | 782 | 416 | 501
174 | 126 | 191 | 719
401 | 397 | 171 | 448
160 | 121 | 889 | 338
260 | 855 | 476 | 373
942 | 575 | 750 | 981
367 | 533 | 2 | 499
5 | 945 | 423 | 31
814 | 507 | 382 | 524
333 | 596 | 269 | 626
368 | 778 | 951 | 344
304 | 437 | 260 | 53
248 | 946 | 243 | 865
322 | 451 | 42 | 194
671 | 244 | 362 | 144
318 | 964 | 164 | 591
542 | 2 | 48 | 546
60 | 136 | 329 | 578
223 | 368 | 424 | 109
648 | 632 | 744 | 665
13 | 975 | 243 | 126
583 | 863 | 903 | 550
752 | 453 | 777 | 150
509 | 227 | 429 | 961
820 | 643 | 73 | 303
624 | 592 | 467 | 749
831 | 211 | 926 | 57
602 | 44 | 497 | 559
690 | 228 | 390 | 101
15 | 62 | 77 | 318
22 | 727 | 766 | 735
305 | 758 | 47 | 696
932 | 488 | 405 | 661
171 | 841 | 288 | 993
811 | 83 | 211 | 767
541 | 951 | 283 | 772
498 | 424 | 975 | 736
179 | 144 | 71 | 464
332 | 921 | 922 | 555
771 | 566 | 85 | 350
573 | 634 | 654 | 800
718 | 502 | 448 | 614
976 | 147 | 246 | 510
111 | 963 | 560 | 117
431 | 991 | 562 | 55
683 | 472 | 28 | 97
891 | 33 | 488 | 182
56 | 430 | 483 | 441
781 | 592 | 246 | 720
184 | 671 | 165 | 776
898 | 23 | 777 | 170
766 | 635 | 941 | 426
952 | 198 | 588 | 848
221 | 185 | 440 | 35
92 | 29 | 397 | 940
938 | 275 | 174 | 45
465 | 12 | 830 | 649
709 | 699 | 554 | 544
588 | 734 | 36 | 798
423 | 88 | 476 | 215
773 | 690 | 546 | 264
668 | 343 | 432 | 490
384 | 90 | 596 | 635
194 | 678 | 113 | 937
723 | 539 | 921 | 279
576 | 987 | 933 | 587
926 | 737 | 483 | 83
140 | 302 | 915 | 709
628 | 449 | 631 | 382
339 | 786 | 265 | 718
778 | 563 | 754 | 487
872 | 657 | 502 | 305
139 | 297 | 464 | 746
906 | 169 | 434 | 858
712 | 641 | 831 | 531
326 | 11 | 378 | 341
574 | 282 | 807 | 202
316 | 164 | 499 | 30
982 | 20 | 651 | 266
655 | 101 | 406 | 176
699 | 487 | 141 | 830
281 | 809 | 343 | 497
124 | 93 | 924 | 817
137 | 739 | 549 | 547
629 | 906 | 454 | 988
893 | 929 | 831 | 821
653 | 759 | 932 | 699
713 | 948 | 107 | 807
402 | 428 | 126 | 66
466 | 622 | 136 | 707
290 | 286 | 170 | 958
788 | 617 | 354 | 211
439 | 955 | 32 | 210
164 | 970 | 712 | 439
922 | 585 | 831 | 495
622 | 908 | 163 | 125
207 | 412 | 937 | 345
577 | 267 | 437 | 876
276 | 464 | 34 | 191
587 | 175 | 896 | 365
733 | 820 | 692 | 933
748 | 821 | 159 | 599
370 | 10 | 901 | 389
863 | 58 | 348 | 816
809 | 498 | 578 | 959
36 | 228 | 578 | 515
948 | 228 | 181 | 623
157 | 311 | 647 | 449
444 | 822 | 301 | 516
234 | 409 | 644 | 1
347 | 621 | 328 | 409
986 | 771 | 26 | 134
826 | 997 | 409 | 505
197 | 152 | 484 | 294
634 | 563 | 239 | 435
42 | 911 | 417 | 413
514 | 221 | 727 | 967
539 | 555 | 401 | 632
768 | 537 | 392 | 230
300 | 228 | 836 | 853
161 | 672 | 964 | 857
133 | 730 | 7 | 530
80 | 129 | 396 | 120
27 | 84 | 68 | 84
253 | 852 | 759 | 412
55 | 986 | 162 | 579
373 | 593 | 814 | 519
499 | 799 | 405 | 415
310 | 328 | 290 | 437
410 | 828 | 927 | 494
52 | 468 | 566 | 893
797 | 447 | 102 | 87
960 | 653 | 42 | 188
459 | 376 | 16 | 467
483 | 629 | 740 | 452
758 | 21 | 421 | 765
512 | 348 | 744 | 351
434 | 568 | 101 | 259
775 | 672 | 445 | 398
923 | 539 | 336 | 76
639 | 522 | 261 | 622
232 | 985 | 311 | 86
869 | 932 | 891 | 509
729 | 737 | 63 | 252
448 | 756 | 529 | 223
262 | 86 | 141 | 685
749 | 735 | 837 | 863
58 | 77 | 410 | 868
366 | 23 | 206 | 771
547 | 100 | 306 | 108
123 | 116 | 770 | 289
126 | 495 | 53 | 725
650 | 246 | 203 | 278
981 | 326 | 296 | 74
552 | 267 | 503 | 165
453 | 685 | 607 | 896
685 | 893 | 160 | 234
20 | 355 | 116 | 324
555 | 97 | 45 | 269
763 | 961 | 589 | 27
336 | 444 | 197 | 784
62 | 192 | 37 | 680
787 | 932 | 869 | 48
299 | 588 | 534 | 236
546 | 844 | 238 | 671
360 | 163 | 221 | 894
917 | 372 | 653 | 337
790 | 619 | 243 | 783
780 | 64 | 448 | 653
454 | 11 | 806 | 570
10 | 754 | 610 | 984
739 | 601 | 894 | 888
774 | 730 | 173 | 836
175 | 188 | 183 | 41
239 | 494 | 84 | 319
662 | 729 | 421 | 180
227 | 486 | 147 | 130
545 | 115 | 326 | 26
348 | 3 | 409 | 138
822 | 193 | 76 | 136
86 | 424 | 92 | 290
46 | 520 | 252 | 245
633 | 465 | 994 | 475
533 | 81 | 668 | 645
815 | 558 | 649 | 504
9 | 45 | 922 | 326
94 | 33 | 732 | 845
931 | 635 | 341 | 810
99 | 105 | 707 | 561
47 | 749 | 616 | 492
484 | 782 | 987 | 734
631 | 374 | 149 | 711
254 | 746 | 173 | 885
515 | 397 | 398 | 678
156 | 177 | 894 | 111
152 | 982 | 66 | 270
187 | 989 | 157 | 763
385 | 407 | 27 | 872
396 | 611 | 994 | 847
924 | 881 | 924 | 905
861 | 532 | 801 | 919
862 | 597 | 490 | 675
148 | 768 | 984 | 849
501 | 126 | 338 | 694
158 | 969 | 441 | 292
841 | 709 | 803 | 58
530 | 137 | 319 | 129
1000 | 407 | 671 | 750
674 | 833 | 370 | 11
458 | 748 | 29 | 400
394 | 468 | 293 | 826
176 | 870 | 989 | 595
130 | 704 | 936 | 209
865 | 458 | 914 | 803
53 | 591 | 845 | 280
874 | 148 | 445 | 49
620 | 712 | 58 | 906
882 | 854 | 841 | 355
678 | 956 | 428 | 300
919 | 317 | 401 | 976
951 | 446 | 719 | 659
916 | 737 | 763 | 265
731 | 998 | 999 | 62
369 | 83 | 632 | 498
825 | 516 | 345 | 29
868 | 974 | 523 | 196
827 | 965 | 722 | 922
163 | 450 | 207 | 743
582 | 823 | 16 | 682
4 | 512 | 246 | 17
3 | 446 | 526 | 417
128 | 943 | 496 | 713
98 | 799 | 232 | 838
388 | 913 | 89 | 875
186 | 57 | 177 | 195
226 | 830 | 327 | 465
967 | 105 | 628 | 533
21 | 669 | 747 | 941
955 | 651 | 903 | 82
329 | 279 | 600 | 23
214 | 679 | 980 | 107
597 | 281 | 692 | 388
190 | 90 | 6 | 391
93 | 955 | 527 | 241
914 | 10 | 577 | 788
556 | 461 | 946 | 277
875 | 161 | 167 | 636
585 | 93 | 459 | 232
386 | 325 | 255 | 878
433 | 130 | 345 | 317
193 | 37 | 695 | 900
338 | 737 | 842 | 513
81 | 274 | 64 | 329
192 | 675 | 653 | 641
911 | 969 | 694 | 239
43 | 373 | 781 | 411
999 | 449 | 490 | 740
692 | 768 | 967 | 301
