# Szpitale (id | nazwa | wsp. x | wsp. y | Liczba łóżek | Liczba wolnych łóżek) 
90 | Hospital | -82 | -330 | 74 | 126
17 | Hospital | 181 | -191 | 163 | 117
136 | Hospital | -480 | 466 | 129 | 68
21 | Hospital | 394 | 49 | 101 | 104
109 | Hospital | -351 | -342 | 138 | 139
132 | Hospital | 242 | 41 | 48 | 111
26 | Hospital | 255 | 147 | 149 | 57
129 | Hospital | 154 | -33 | 109 | 31
82 | Hospital | -179 | 449 | 62 | 69
125 | Hospital | 460 | -77 | 36 | 76
83 | Hospital | 109 | 278 | 105 | 47
52 | Hospital | 288 | -82 | 111 | 122
117 | Hospital | 358 | 308 | 53 | 22
158 | Hospital | -217 | -494 | 173 | 100
54 | Hospital | -189 | 374 | 130 | 94
58 | Hospital | -218 | 385 | 166 | 140
114 | Hospital | -16 | -428 | 110 | 55
195 | Hospital | 229 | -419 | 55 | 91
174 | Hospital | 294 | -122 | 144 | 72
192 | Hospital | -220 | 43 | 31 | 149
151 | Hospital | 18 | -41 | 137 | 113
173 | Hospital | -184 | -253 | 27 | 71
0 | Hospital | 269 | 266 | 162 | 141
107 | Hospital | 63 | 149 | 107 | 190
79 | Hospital | 31 | -110 | 57 | 36
142 | Hospital | 340 | -463 | 1 | 53
104 | Hospital | 185 | 437 | 38 | 179
57 | Hospital | -93 | -326 | 176 | 161
67 | Hospital | -65 | 9 | 172 | 158
60 | Hospital | 351 | -89 | 84 | 177
185 | Hospital | -384 | 37 | 89 | 48
118 | Hospital | -371 | 131 | 189 | 163
157 | Hospital | 41 | -159 | 4 | 87
69 | Hospital | 115 | -200 | 3 | 73
50 | Hospital | -195 | 416 | 44 | 32
115 | Hospital | -108 | -199 | 92 | 136
166 | Hospital | -129 | -335 | 131 | 3
45 | Hospital | 490 | -57 | 6 | 143
155 | Hospital | 152 | 412 | 118 | 101
35 | Hospital | -12 | -275 | 41 | 1
119 | Hospital | -115 | -373 | 182 | 40
193 | Hospital | 455 | 184 | 23 | 107
9 | Hospital | -165 | 245 | 127 | 153
200 | Hospital | -319 | -259 | 198 | 191
22 | Hospital | 286 | 226 | 79 | 172
169 | Hospital | 409 | -104 | 96 | 129
147 | Hospital | -131 | 393 | 9 | 39
146 | Hospital | -361 | -113 | 177 | 121
14 | Hospital | 329 | 105 | 190 | 106
85 | Hospital | -452 | -233 | 52 | 193
191 | Hospital | 500 | 394 | 165 | 116
7 | Hospital | 332 | 457 | 88 | 127
190 | Hospital | -31 | -149 | 0 | 58
182 | Hospital | -139 | 28 | 147 | 182
53 | Hospital | -470 | -293 | 22 | 123
152 | Hospital | 310 | -379 | 117 | 59
164 | Hospital | 49 | 459 | 115 | 19
36 | Hospital | -430 | -347 | 136 | 44
198 | Hospital | 22 | 263 | 150 | 142
197 | Hospital | 422 | 166 | 122 | 200
98 | Hospital | -382 | -392 | 56 | 185
51 | Hospital | -112 | 344 | 199 | 49
145 | Hospital | -22 | 32 | 158 | 152
189 | Hospital | 147 | -102 | 58 | 157
179 | Hospital | 498 | 81 | 185 | 15
105 | Hospital | 80 | 229 | 155 | 138
106 | Hospital | 390 | -484 | 76 | 169
19 | Hospital | 349 | -435 | 49 | 178
34 | Hospital | 2 | -386 | 164 | 13
186 | Hospital | 234 | 89 | 179 | 30
175 | Hospital | 301 | 261 | 178 | 196
46 | Hospital | 374 | 382 | 192 | 160
27 | Hospital | 384 | -103 | 169 | 97
72 | Hospital | -119 | -230 | 47 | 147
24 | Hospital | 429 | 123 | 17 | 90
127 | Hospital | 15 | 329 | 113 | 199
123 | Hospital | -341 | 191 | 141 | 51
111 | Hospital | -305 | -261 | 32 | 26
5 | Hospital | -274 | 279 | 142 | 28
40 | Hospital | -238 | 491 | 126 | 23
93 | Hospital | -487 | 440 | 200 | 124
86 | Hospital | 290 | 332 | 83 | 105
126 | Hospital | -40 | -34 | 135 | 24
128 | Hospital | -374 | -310 | 11 | 125
32 | Hospital | 317 | 369 | 8 | 132
144 | Hospital | -212 | 2 | 35 | 189
102 | Hospital | 71 | -414 | 21 | 63
76 | Hospital | -377 | -48 | 100 | 109
63 | Hospital | -206 | 72 | 91 | 197
18 | Hospital | 14 | -441 | 143 | 17
133 | Hospital | -44 | -51 | 24 | 5
96 | Hospital | -445 | 250 | 43 | 118
167 | Hospital | -262 | 221 | 68 | 175
62 | Hospital | 446 | 303 | 14 | 167
108 | Hospital | -7 | -495 | 159 | 173
110 | Hospital | 127 | 67 | 183 | 195
3 | Hospital | -50 | 327 | 75 | 135
23 | Hospital | -464 | -299 | 160 | 4
42 | Hospital | -421 | 11 | 50 | 33
124 | Hospital | 274 | -101 | 193 | 84
# Obiekty (id | nazwa | wsp. x | wsp. y) 
74 | Building | 140 | -309
48 | Building | 97 | -72
178 | Building | -23 | -272
21 | Building | 196 | -173
163 | Building | -362 | 490
199 | Building | -80 | 34
76 | Building | -395 | -274
75 | Building | 276 | 443
2 | Building | 440 | -116
69 | Building | -499 | 125
174 | Building | 95 | -409
128 | Building | -139 | -293
47 | Building | 259 | -81
49 | Building | 330 | 441
44 | Building | 458 | -443
26 | Building | -409 | -384
149 | Building | -17 | 108
167 | Building | -484 | 351
79 | Building | -399 | -174
63 | Building | 434 | -418
64 | Building | -419 | 335
142 | Building | 188 | -34
165 | Building | -182 | -347
169 | Building | 227 | -256
58 | Building | 446 | -291
62 | Building | -283 | 105
77 | Building | -231 | 403
96 | Building | 350 | -484
101 | Building | -281 | -476
13 | Building | 489 | 174
85 | Building | 293 | -14
159 | Building | -343 | -264
143 | Building | -110 | -167
103 | Building | -405 | -139
151 | Building | 439 | 33
114 | Building | 104 | -88
102 | Building | 130 | 194
110 | Building | 116 | -253
27 | Building | 83 | 405
38 | Building | 72 | -7
36 | Building | -425 | 198
173 | Building | 463 | 458
156 | Building | -368 | -51
123 | Building | 258 | -474
12 | Building | -153 | 135
59 | Building | -318 | -58
162 | Building | -475 | 500
191 | Building | 226 | -216
22 | Building | -45 | 431
127 | Building | 488 | 247
185 | Building | -195 | -102
41 | Building | -166 | 472
35 | Building | -158 | -211
23 | Building | -92 | -166
42 | Building | 420 | 480
81 | Building | 263 | 241
95 | Building | -274 | -490
170 | Building | -132 | -406
78 | Building | 401 | -325
67 | Building | -468 | 253
126 | Building | -398 | 141
10 | Building | 213 | -128
107 | Building | -47 | -209
117 | Building | 310 | 8
122 | Building | 113 | 297
182 | Building | 431 | -342
39 | Building | -190 | -488
17 | Building | -236 | -278
0 | Building | -229 | -125
106 | Building | -438 | 27
100 | Building | 336 | 449
130 | Building | -141 | -46
30 | Building | 157 | 419
120 | Building | -290 | -142
45 | Building | -55 | 301
105 | Building | 449 | 146
32 | Building | 136 | 359
3 | Building | -107 | -300
34 | Building | 99 | 70
57 | Building | -400 | -276
139 | Building | -143 | -467
161 | Building | 492 | -345
157 | Building | -253 | -73
52 | Building | 163 | -393
31 | Building | -234 | -169
5 | Building | 90 | 462
144 | Building | -355 | 342
1 | Building | 255 | 329
72 | Building | -142 | 211
84 | Building | -443 | -165
11 | Building | -358 | -482
99 | Building | -406 | -181
65 | Building | -18 | -437
136 | Building | -152 | 166
113 | Building | 283 | -492
33 | Building | 198 | 442
40 | Building | 472 | 89
137 | Building | 473 | -282
197 | Building | -272 | 285
200 | Building | 359 | -86
# Drogi (id | id_szpitala | id_szpitala | odległość) 
108 | 35 | 186 | 506
43 | 190 | 57 | 504
95 | 151 | 36 | 964
169 | 152 | 14 | 187
0 | 185 | 166 | 55
198 | 117 | 169 | 296
158 | 63 | 175 | 663
45 | 186 | 90 | 976
47 | 19 | 191 | 137
152 | 62 | 98 | 497
121 | 157 | 22 | 809
136 | 60 | 155 | 284
82 | 193 | 128 | 816
55 | 128 | 145 | 277
65 | 173 | 158 | 702
147 | 175 | 9 | 476
145 | 190 | 132 | 581
156 | 197 | 54 | 496
116 | 157 | 185 | 902
39 | 83 | 169 | 595
41 | 155 | 14 | 472
92 | 193 | 76 | 623
48 | 102 | 132 | 946
86 | 127 | 114 | 579
80 | 72 | 142 | 790
46 | 3 | 123 | 863
64 | 35 | 169 | 400
20 | 24 | 76 | 330
119 | 200 | 119 | 898
199 | 26 | 104 | 345
13 | 32 | 107 | 787
150 | 175 | 108 | 574
17 | 82 | 144 | 584
66 | 36 | 144 | 215
74 | 127 | 32 | 49
193 | 82 | 0 | 42
162 | 111 | 76 | 817
19 | 54 | 191 | 1
120 | 105 | 126 | 792
104 | 32 | 192 | 665
168 | 86 | 173 | 843
9 | 9 | 102 | 925
179 | 93 | 164 | 830
184 | 167 | 146 | 535
124 | 111 | 82 | 899
75 | 129 | 17 | 232
138 | 36 | 195 | 628
71 | 174 | 98 | 128
122 | 67 | 152 | 357
14 | 129 | 133 | 775
148 | 200 | 0 | 382
134 | 191 | 175 | 379
149 | 114 | 98 | 836
191 | 76 | 60 | 281
15 | 62 | 189 | 772
115 | 146 | 136 | 124
99 | 192 | 24 | 824
140 | 24 | 151 | 163
130 | 133 | 107 | 436
103 | 53 | 136 | 328
173 | 9 | 155 | 551
129 | 107 | 118 | 495
68 | 146 | 96 | 481
157 | 155 | 133 | 434
189 | 111 | 114 | 923
49 | 50 | 79 | 140
159 | 69 | 57 | 174
34 | 186 | 146 | 845
180 | 124 | 185 | 287
77 | 119 | 46 | 237
18 | 5 | 123 | 993
23 | 34 | 115 | 919
143 | 127 | 118 | 724
40 | 104 | 36 | 424
137 | 60 | 193 | 877
10 | 106 | 123 | 680
6 | 119 | 197 | 343
27 | 3 | 85 | 167
32 | 62 | 126 | 474
67 | 3 | 79 | 532
182 | 118 | 22 | 325
194 | 69 | 169 | 4
29 | 34 | 86 | 696
111 | 186 | 24 | 244
101 | 24 | 197 | 34
195 | 193 | 117 | 588
146 | 63 | 83 | 820
5 | 45 | 110 | 904
185 | 3 | 21 | 95
81 | 166 | 190 | 573
192 | 46 | 98 | 374
89 | 123 | 45 | 292
56 | 182 | 166 | 58
132 | 67 | 167 | 74
50 | 155 | 133 | 886
51 | 198 | 125 | 945
112 | 60 | 118 | 796
161 | 136 | 82 | 654
84 | 191 | 109 | 465
12 | 111 | 110 | 422